<Polygon>
<outerBoundaryIs>
<LinearRing>
<coordinates>
80.7611923217773,8.00632667541515
80.7619857788088,8.00579071044922
80.7626266479493,8.00525569915794
80.7632446289065,8.00475215911877
80.7638778686523,8.00427627563488
80.7645492553712,8.00382900238031
80.7653427124026,8.00342273712158
80.7660675048829,8.00300598144537
80.7668685913089,8.00254058837891
80.767692565918,8.00204658508301
80.768608093262,8.00147914886486
80.7694473266603,8.00107574462896
80.7703323364261,8.00079822540289
80.7711181640625,8.00049686431885
80.7716369628909,7.9998607635498
80.7718429565433,7.99908590316772
80.7719039916994,7.99825382232689
80.7719650268555,7.99730777740484
80.772026062012,7.99634408950806
80.7723236083985,7.99559688568127
80.7731399536133,7.99584722518932
80.7733993530273,7.99662923812872
80.7734146118164,7.99750185012823
80.7735748291018,7.99840497970575
80.7743682861328,7.99853706359875
80.7753677368164,7.99806976318371
80.7760772705078,7.99768209457392
80.7769165039063,7.99718713760376
80.7776107788086,7.99668216705322
80.7783050537111,7.99611902236944
80.7789230346679,7.99552583694458
80.7794876098636,7.99481678009028
80.779838562012,7.99407005310053
80.7796936035156,7.9932417869569
80.779411315918,7.99244499206549
80.7790451049805,7.99162006378174
80.7788696289064,7.99080610275269
80.7789077758792,7.98991680145269
80.7790527343751,7.98902606964117
80.7792129516602,7.98809099197399
80.7792434692383,7.98725986480724
80.7791290283203,7.98638677597046
80.7788848876956,7.98541307449352
80.7784729003907,7.98447179794312
80.778129577637,7.98375177383434
80.7778244018556,7.98277902603149
80.7776641845704,7.98171710968018
80.7776184082033,7.98068380355846
80.7776031494141,7.97977876663219
80.7775802612308,7.97897911071789
80.7775268554688,7.97810697555542
80.7775115966797,7.97721481323254
80.7775115966797,7.97640180587774
80.7775421142579,7.97548294067394
80.7776184082033,7.9746351242066
80.7777862548828,7.97368717193615
80.7780456542969,7.97263383865368
80.7782516479493,7.97169780731201
80.7784271240235,7.97079277038569
80.7784881591798,7.96994495391851
80.7784652709962,7.96914482116699
80.7784194946289,7.96823978424072
80.7788772583009,7.96750593185419
80.7796783447268,7.96736478805553
80.7804794311525,7.96713304519648
80.7814865112305,7.96672487258911
80.7823486328128,7.96615886688227
80.7834091186524,7.96557378768921
80.7844390869143,7.96519279479986
80.785285949707,7.96485996246344
80.7859802246093,7.96428108215332
80.7865524291992,7.96368885040295
80.7872009277344,7.9630389213562
80.7878646850589,7.96246290206915
80.7886352539065,7.96212816238415
80.7896270751953,7.96205520629888
80.7904434204102,7.96198606491095
80.7913818359377,7.9618968963623
80.7923126220705,7.96181106567383
80.7932510375977,7.96172380447393
80.7942657470704,7.96150493621832
80.7950973510745,7.9612889289856
80.7959671020508,7.96101284027122
80.7967376708985,7.96074008941662
80.797676086426,7.960521221161
80.7985382080081,7.96062612533581
80.7991333007815,7.96124315261841
80.7994003295898,7.96202516555792
80.7996520996094,7.96294116973888
80.7997817993164,7.96394395828247
80.7998275756837,7.96487617492681
80.7998428344727,7.96601104736334
80.7998657226565,7.96691417694086
80.7998809814456,7.96793508529657
80.7998657226565,7.96879577636719
80.799789428711,7.96972799301153
80.7996749877933,7.97054386138916
80.7994766235353,7.97137880325329
80.7991867065431,7.97225618362427
80.7987442016604,7.97332715988182
80.7985229492189,7.97414779663097
80.7984924316407,7.97503709793097
80.7986068725588,7.9758939743042
80.7990722656251,7.97657299041754
80.7996902465823,7.97710084915173
80.800506591797,7.97767400741583
80.8012847900392,7.97796821594238
80.8021926879882,7.97821617126476
80.8031005859376,7.97849416732794
80.80387878418,7.97875785827648
80.8048095703126,7.97919607162476
80.8059310913087,7.97990894317638
80.8066329956056,7.98034906387323
80.8075180053714,7.98051118850714
80.8083648681641,7.98060178756714
80.8093032836916,7.98071622848522
80.8103103637696,7.98089218139648
80.8110733032227,7.98119878768921
80.8116836547853,7.98171377182007
80.8123931884766,7.9826078414917
80.8131942749024,7.98322296142589
80.8139572143555,7.983473777771
80.8148040771484,7.98350381851191
80.8155899047853,7.98327302932739
80.816520690918,7.98291110992432
80.8174057006837,7.98257589340221
80.8182373046875,7.98220014572144
80.8191070556641,7.98189401626593
80.8198776245118,7.98154783248901
80.820495605469,7.9808988571167
80.8207321166994,7.98003482818598
80.8206634521487,7.97920513153082
80.8204574584962,7.97834777832031
80.8205795288087,7.97748708724976
80.8214035034181,7.97677612304688
80.8220214843753,7.97624206542969
80.822463989258,7.97544717788708
80.8227920532226,7.97465610504162
80.8232269287111,7.97374677658092
80.8236236572266,7.97296714782715
80.8242340087891,7.972333908081
80.8248672485354,7.97179794311529
80.8255920410157,7.97131919860851
80.8264083862308,7.97103214263927
80.8272094726564,7.97096109390259
80.8281173706058,7.97094821929937
80.8290786743167,7.9709911346435
80.829902648926,7.97131490707409
80.8307495117189,7.97156286239647
80.8316192626955,7.97166585922247
80.8325958251954,7.97178411483776
80.8335647583008,7.97198677063
80.834297180176,7.97205305099499
80.8345336914063,7.97207403182983
80.8353958129883,7.97208976745617
80.8362731933594,7.97217893600458
80.8371810913087,7.97235393524193
80.8382720947267,7.97238397598267
80.8391799926761,7.97236776351929
80.8400421142579,7.9721941947937
80.8408279418946,7.97183179855358
80.8416061401368,7.97147178649925
80.8424072265628,7.97098016738903
80.84334564209,7.97039604187023
80.8442916870118,7.96993112564098
80.8452148437501,7.96930503845215
80.8459854125977,7.96870994567865
80.8466491699219,7.96824884414696
80.8473281860352,7.96778678894043
80.8480834960938,7.96726512908947
80.848747253418,7.96671485900879
80.8495101928711,7.96619415283209
80.8503189086916,7.96568489074713
80.8511199951172,7.9651341438294
80.8518753051758,7.96468687057506
80.8525695800781,7.9642381668092
80.8531112670901,7.96356105804455
80.8533325195312,7.96271085739141
80.8530044555665,7.9619450569154
80.8522186279299,7.9615621566773
80.8513259887696,7.96144580841064
80.8502044677736,7.96138906478893
80.8492813110354,7.96124315261841
80.8484725952149,7.96116781234764
80.8474655151367,7.96091985702526
80.846504211426,7.9605278968811
80.8457412719728,7.96017408370977
80.8446578979493,7.95968198776268
80.8439178466798,7.95935821533214
80.842887878418,7.95900678634649
80.8420257568362,7.95871591567993
80.8411865234376,7.95851087570202
80.8402252197266,7.95837783813477
80.8393249511719,7.95811414718639
80.8384475708008,7.95770597457886
80.8377532958985,7.95730686187756
80.836753845215,7.95671176910412
80.8360748291016,7.95625591278076
80.83544921875,7.95559597015381
80.8347244262696,7.95486402511608
80.834037780762,7.95423316955572
80.8334426879886,7.95354223251343
80.8329696655273,7.95281982421881
80.8324127197266,7.95186710357666
80.8322067260742,7.95090723037725
80.8321838378908,7.95000505447388
80.8321533203125,7.94911623001093
80.8320846557618,7.94805383682257
80.8320236206055,7.94715118408214
80.8319396972659,7.94626522064209
80.8318557739258,7.94541883468628
80.8315887451172,7.94439077377325
80.8312911987305,7.94363689422602
80.8309707641604,7.94288492202759
80.8305587768556,7.94179487228394
80.8301849365236,7.94086980819708
80.8297576904297,7.93991518020641
80.8292770385742,7.9390029907226
80.8288269042969,7.93834018707281
80.8282623291016,7.93748998641979
80.8277587890624,7.93675422668451
80.8271255493165,7.93573093414318
80.8265609741212,7.93483495712275
80.8260498046875,7.93418502807617
80.8254394531253,7.9333062171936
80.8249053955078,7.93262910842918
80.8242263793946,7.93189716339111
80.8236465454102,7.93132305145269
80.822868347168,7.93034315109253
80.8221740722657,7.92945194244396
80.8216934204103,7.92878818511963
80.8212738037109,7.9279928207398
80.8208084106446,7.92700815200817
80.8204345703126,7.92622900009167
80.8200225830079,7.92540407180792
80.8196334838868,7.92447614669805
80.8193435668948,7.92362213134771
80.8192291259767,7.92270517349243
80.8192596435547,7.92171382904075
80.81941986084,7.92073583602905
80.8195343017581,7.91974210739136
80.8196716308594,7.91895389556896
80.8198013305666,7.91790294647211
80.8199157714847,7.91689586639416
80.8200073242188,7.91580200195318
80.8200225830079,7.91499996185303
80.8200073242188,7.91397905349731
80.8199386596679,7.91312217712408
80.8198165893555,7.91213178634655
80.8196945190431,7.91130304336542
80.8195495605468,7.91034317016602
80.8194122314455,7.90920782089239
80.8191070556641,7.90797519683838
80.8188247680666,7.90712118148804
80.8186950683594,7.90607213973999
80.8185348510743,7.90492391586309
80.8183593750001,7.90405321121216
80.8181304931641,7.90328311920172
80.8178863525392,7.90251398086559
80.8176574707031,7.90173292160034
80.8173294067383,7.90059995651256
80.8169403076174,7.8995561599732
80.8166809082034,7.89873123168951
80.8164215087891,7.89793300628673
80.8161239624023,7.89693117141729
80.8159179687503,7.89582681655884
80.8157119750979,7.89472198486339
80.8155441284179,7.89377880096458
80.8152465820313,7.89279222488403
80.8148651123047,7.89153099060064
80.8145141601563,7.89047193527222
80.8142089843749,7.88955783844
80.8139038085938,7.88857316970825
80.8135986328128,7.88771581649775
80.8134002685548,7.88686084747309
80.8134002685548,7.88594293594355
80.8134460449218,7.88500785827637
80.8135070800783,7.88416290283226
80.8135299682618,7.88308477401739
80.8135223388672,7.88228321075434
80.8134765625002,7.88129281997681
80.813316345215,7.88033390045166
80.8130874633789,7.87953615188599
80.8126907348632,7.87838983535772
80.8124008178712,7.87757778167725
80.8120651245118,7.87663698196405
80.8118896484378,7.87567806243896
80.8118057250977,7.874659061432
80.8117599487306,7.87377214431768
80.81169128418,7.87297010421759
80.8117218017581,7.87196493148815
80.8118362426758,7.87094402313244
80.811866760254,7.87003898620617
80.8118286132813,7.86893081665039
80.8116836547853,7.86795806884788
80.8114624023438,7.86688184738165
80.8112869262696,7.86582279205322
80.8112869262696,7.86491823196434
80.8110656738282,7.86403417587292
80.8105621337893,7.86322402954102
80.8099212646485,7.86265182495117
80.8098526000978,7.86179304122936
80.8101959228518,7.86101579666143
80.8106079101562,7.86017990112305
80.8109436035159,7.85919713974005
80.811164855957,7.85829019546532
80.8112792968751,7.85737180709839
80.8113250732425,7.85632085800171
80.8113098144534,7.85538911819464
80.8112411499024,7.8543701171875
80.8111495971683,7.85356998443598
80.8111114501954,7.85276985168463
80.8110427856446,7.851953983307
80.8106384277345,7.85115909576416
80.809928894043,7.85071897506714
80.8091201782228,7.8502202033996
80.8084793090823,7.84947204589849
80.8081893920899,7.84864521026617
80.8078384399415,7.84769010543823
80.8076553344727,7.84675979614269
80.8075103759768,7.84577083587646
80.8073654174805,7.84485483169556
80.8071441650393,7.84388113021856
80.806869506836,7.84289503097546
80.8065872192382,7.84195280075073
80.8064193725588,7.84115314483648
80.8062896728516,7.84034013748169
80.8061904907229,7.83935117721563
80.8061065673829,7.83850717544567
80.8055801391603,7.83404922485352
80.805763244629,7.83241510391241
80.805435180664,7.83072614669811
80.8049545288087,7.82930421829235
80.8040924072268,7.82797479629517
80.8033752441408,7.82661199569708
80.8032989501956,7.82506704330439
80.8030471801758,7.82333517074596
80.8023605346683,7.82195615768438
80.8011322021485,7.8209080696106
80.7996368408204,7.82041501998901
80.7983551025393,7.81948280334473
80.7970504760742,7.81876802444464
80.7955551147463,7.81869697570795
80.7940368652345,7.81866979598993
80.7934646606447,7.81726312637323
80.7939758300784,7.815830230713
80.794303894043,7.8141770362854
80.7947692871094,7.81262779235851
80.7950744628907,7.81097793579102
80.7954254150391,7.8095297813415
80.7956237792969,7.80799579620384
80.7958297729493,7.80652189254783
80.7956085205079,7.80486297607433
80.7943878173828,7.80397415161138
80.792724609375,7.80352687835705
80.7913360595703,7.80295991897594
80.789978027344,7.80218696594244
80.788627624512,7.80140113830566
80.7871856689455,7.80063009262096
80.7856750488282,7.80006313323986
80.7846298217776,7.80115413665777
80.7849884033206,7.80259323120117
80.7844467163089,7.80407190322887
80.7830810546878,7.80487394332897
80.7816390991213,7.80563497543335
80.7800903320312,7.80537509918213
80.7792282104493,7.80388307571434
80.7778854370118,7.80284976959229
80.7764282226565,7.80217981338512
80.7749557495119,7.80205202102655
80.7734451293947,7.80199480056763
80.7718963623049,7.80211591720592
80.7703399658203,7.80226421356213
80.7687988281253,7.8022828102113
80.7681579589844,7.8019042015078
80.767433166504,7.80147981643671
80.7668228149415,7.80008792877203
80.7659835815431,7.79875707626366
80.7647018432618,7.7978978157044
80.7640609741211,7.79612684249901
80.7629776000977,7.79466581344604
80.7619705200195,7.79346704483032
80.7611770629886,7.79217910766613
80.7616424560547,7.79068613052368
80.7631149291992,7.79024696350109
80.7645721435548,7.7895898818972
80.7656250000002,7.7882800102235
80.7658843994141,7.78681898117077
80.7658691406251,7.78530311584467
80.7657623291015,7.78380298614513
80.7655105590821,7.78214406967157
80.7649078369141,7.78054714202887
80.7638092041017,7.7789421081543
80.7636032104493,7.77739906311058
80.7638320922854,7.77588081359886
80.7640304565433,7.77405595779425
80.763885498047,7.77254199981695
80.7637939453126,7.77105617523199
80.7637939453126,7.76952505111706
80.7638320922854,7.76789283752447
80.7638320922854,7.76627492904674
80.7638168334964,7.76478576660162
80.7638092041017,7.76321411132818
80.7637329101562,7.76140594482433
80.7635955810547,7.75986289978027
80.7634811401367,7.75828790664684
80.7633819580079,7.75630998611456
80.7633819580079,7.75480794906622
80.7633666992188,7.75310087203985
80.763038635254,7.75156021118175
80.7628021240235,7.75004720687872
80.7630081176758,7.74848413467407
80.763153076172,7.74690914154047
80.7631759643555,7.74531984329246
80.7629852294922,7.74361515045189
80.7628936767581,7.74195623397839
80.7629623413088,7.74029207229614
80.7632369995118,7.73867177963251
80.7634658813479,7.73719692230225
80.7636260986331,7.73547697067255
80.7638244628909,7.73400020599365
80.7641143798828,7.73250913620001
80.7644348144531,7.73078584671021
80.7648696899416,7.72927999496471
80.7653656005862,7.72762680053711
80.7657852172852,7.72612094879162
80.7663345336913,7.7243800163269
80.7670898437503,7.72279977798462
80.7677230834963,7.72143507003796
80.7683563232422,7.71973705291748
80.7687072753907,7.71828985214239
80.7690734863281,7.71676921844505
80.7696838378907,7.71499919891357
80.7703704833986,7.71367883682262
80.7712554931643,7.71225500106806
80.7718811035156,7.71080493926996
80.7728652954103,7.70964002609253
80.7737579345706,7.70839118957531
80.7740020751955,7.70683002471924
80.7741928100588,7.70531177520752
80.7743759155275,7.70354604721081
80.7744903564454,7.70192480087292
80.7744827270509,7.70016098022461
80.7743225097659,7.69857501983654
80.7739105224611,7.69715118408197
80.7733688354495,7.69571495056164
80.773002624512,7.69402790069574
80.7723388671876,7.69254922866827
80.7712173461915,7.69127702713018
80.7698364257812,7.69049310684204
80.7685317993165,7.69148492813133
80.7678985595705,7.69287681579601
80.7668609619142,7.69419908523554
80.7656326293947,7.69517517089849
80.7641143798828,7.69554185867304
80.7625732421877,7.69598388671886
80.7610473632814,7.69562101364136
80.7620925903321,7.69451618194586
80.7637023925783,7.69378423690796
80.7653884887695,7.69316720962536
80.7666854858401,7.69242382049572
80.7678527832034,7.69133186340332
80.768539428711,7.68986415863031
80.7690963745118,7.68845987319946
80.7696304321291,7.68690776824945
80.7701721191406,7.6853861808778
80.7707672119142,7.68380594253551
80.7722625732422,7.6842989921571
80.7738113403322,7.68400478363037
80.7748336791993,7.68286991119379
80.7758712768554,7.6817069053651
80.7768554687502,7.68055915832531
80.7778778076172,7.67930698394775
80.7788162231446,7.67794179916388
80.7802963256838,7.67748594284052
80.7816925048829,7.67836093902594
80.7829055786136,7.67927980422974
80.7844543457031,7.67962598800671
80.7860794067383,7.67969512939476
80.7877044677734,7.67973613739014
80.7895431518555,7.67975902557379
80.7912750244142,7.6798090934754
80.7930679321291,7.67993879318237
80.7947463989261,7.68000507354759
80.7965469360352,7.67999982833868
80.7983016967774,7.67999315261864
80.8001937866212,7.67990016937267
80.8016891479492,7.67976522445679
80.8032608032227,7.67967414855957
80.8047943115235,7.67962884902954
80.8059234619141,7.67836093902594
80.8064880371094,7.67694187164301
80.8068847656251,7.67542123794567
80.8073501586913,7.67400121688848
80.8080368041993,7.6726388931275
80.809280395508,7.67172002792381
80.8107223510743,7.67230081558233
80.8119735717775,7.6732931137085
80.8132858276369,7.67422485351574
80.8148269653322,7.67486286163353
80.8165130615234,7.67555809020996
80.8177642822266,7.67635822296148
80.8189163208008,7.6773681640625
80.819953918457,7.67866706848156
80.8208694458011,7.67985200881958
80.8224334716797,7.6794261932373
80.8238906860353,7.67904520034801
80.8253326416017,7.67870807647716
80.8267822265628,7.67909812927252
80.8280181884766,7.6800479888916
80.8296127319337,7.6803188323974
80.8311920166015,7.68009805679321
80.8328399658204,7.68002080917353
80.8341827392579,7.68080711364752
80.8353424072268,7.68174123764061
80.8368759155276,7.6812858581543
80.8381271362305,7.6822772026062
80.8388824462891,7.68360996246349
80.8399810791016,7.68464708328258
80.8405075073245,7.68611478805542
80.8402786254883,7.68771982192993
80.8406143188477,7.68943595886242
80.8411636352541,7.69093084335327
80.8419036865236,7.69229221344
80.8434219360353,7.69223213195795
80.8449478149416,7.69244718551641
80.8463897705079,7.69317579269421
80.8470153808593,7.69459581375122
80.8471832275393,7.6961522102356
80.8483657836914,7.69743585586559
80.8490676879884,7.69879817962658
80.8506774902345,7.6991748809815
80.8517990112305,7.70022487640381
80.8530654907228,7.70108413696289
80.8541793823243,7.69994878768944
80.8546752929689,7.69847297668468
80.8549041748047,7.69689321517939
80.8538513183597,7.69556713104248
80.8526458740235,7.69464778900141
80.8534317016602,7.69299077987665
80.8548278808597,7.69240617752081
80.8555068969727,7.6909260749818
80.8567657470703,7.68987607955927
80.8582534790042,7.68949508666998
80.8595046997071,7.68867921829246
80.8608779907227,7.68778800964355
80.8624877929688,7.68803215026861
80.8637542724611,7.6888041496278
80.8655166625976,7.68935108184837
80.8672561645508,7.6897091865539
80.8687515258792,7.68966579437267
80.8702774047854,7.68950176239036
80.870964050293,7.68818187713629
80.8709030151369,7.68669414520275
80.8713684082032,7.68494081497187
80.8723220825196,7.68370580673218
80.8735656738283,7.6827440261842
80.8747406005859,7.68178176879877
80.8758087158206,7.68073415756226
80.8769378662112,7.67967176437372
80.8777236938476,7.68096017837536
80.877754211426,7.6824622154237
80.8780517578126,7.68420696258556
80.8782196044922,7.68585300445562
80.8784942626953,7.6873087882995
80.8787460327148,7.68881988525391
80.8790893554689,7.6903448104859
80.8794403076171,7.69199085235596
80.8800735473635,7.69336700439453
80.8808212280275,7.69490289688116
80.881530761719,7.69624996185308
80.8819503784181,7.69795083999645
80.8820800781253,7.69952583312988
80.8821182250976,7.70108413696289
80.8822784423831,7.70264101028454
80.88232421875,7.70417308807379
80.8821411132814,7.70570421218872
80.8822174072266,7.70726299285894
80.8826675415042,7.70870113372814
80.8832550048828,7.71019601821899
80.8835678100587,7.71196985244762
80.883598327637,7.71351480484032
80.8835906982423,7.71510601043713
80.8853378295901,7.71492290496838
80.8868255615236,7.71442413330084
80.8884201049805,7.71436309814453
80.8900985717776,7.71447420120251
80.8918533325195,7.71480512619019
80.8934707641602,7.7151951789856
80.8950805664062,7.71565723419195
80.8967361450196,7.71572303771973
80.898277282715,7.7155752182008
80.8999633789063,7.71548223495478
80.9017181396487,7.715738773346
80.9032821655273,7.71585321426392
80.9048156738281,7.71602392196667
80.9065093994143,7.71587419509893
80.9080810546877,7.71534490585327
80.9095764160156,7.71457004547119
80.9107513427736,7.71351909637457
80.911964416504,7.71251678466803
80.91374206543,7.71207189559937
80.9152069091797,7.71231603622437
80.9167785644532,7.71189022064215
80.9180068969728,7.71068000793468
80.9191970825196,7.70967483520508
80.9204864501955,7.70890378952038
80.921989440918,7.70830202102667
80.9236297607422,7.70893812179571
80.9250259399413,7.70956277847301
80.9264068603517,7.70861482620239
80.9278640747073,7.70827484130859
80.9293746948245,7.7087831497193
80.9310531616212,7.70896816253662
80.9326629638671,7.70903587341314
80.9342346191408,7.70981979370112
80.9359893798829,7.70997285842896
80.9376907348633,7.71011400222784
80.9391098022464,7.71075487136852
80.9400634765628,7.71209716796881
80.9411087036135,7.71319389343267
80.9425811767578,7.71362876892096
80.9440689086917,7.71337795257568
80.9457015991212,7.71337413787853
80.9472045898439,7.7130641937257
80.9487533569337,7.71276712417608
80.9502716064453,7.71310186386114
80.9519042968753,7.71367883682262
80.9534149169925,7.71441984176641
80.9551467895511,7.7148227691651
80.9566345214845,7.71484804153454
80.9581527709962,7.71462678909307
80.9597473144531,7.71488523483276
80.9612274169925,7.71544981002802
80.9627304077149,7.71608781814587
80.9643554687502,7.71662378311157
80.9659805297853,7.71648693084711
80.9675064086915,7.71616315841675
80.9690093994141,7.71599912643444
80.9704208374023,7.71675586700439
80.972007751465,7.71721792221092
80.9737777709962,7.71726894378668
80.9753799438476,7.71713399887085
80.9768676757815,7.71673488616955
80.9785842895511,7.71613407135015
80.9802627563477,7.7160987854005
80.9817810058594,7.7168397903443
80.9832229614258,7.71794605255133
80.9840545654297,7.71921682357782
80.9852523803712,7.72023820877098
80.9868392944336,7.72087621688843
80.9884033203127,7.72138023376465
80.989128112793,7.72169494628918
80.9890136718751,7.72090816497814
80.989616394043,7.71991014480602
80.9900054931641,7.71831703186047
80.9905471801758,7.71673488616955
80.9911422729493,7.71516990661632
80.9914550781252,7.71360588073753
80.9917602539065,7.71211481094366
80.9920043945314,7.71043586730963
80.9922485351563,7.70885896682739
80.9923782348633,7.70719480514538
80.9924163818361,7.70558977127087
80.9924392700196,7.70386981964117
80.9925689697266,7.70220804214478
80.9927139282229,7.70055818557751
80.9926452636719,7.69872283935547
80.9921722412109,7.69702291488653
80.991394042969,7.69564580917353
80.990303039551,7.69437694549561
80.9893341064455,7.69319391250616
80.9885177612308,7.69188976287842
80.9878463745117,7.69031095504761
80.9875335693361,7.68882703781122
80.9880447387696,7.68740701675421
80.9888458251954,7.68615818023682
80.9895858764649,7.68466281890875
80.9905242919922,7.6833691596986
80.991325378418,7.6820759773255
80.9918823242188,7.68059682846092
80.9923477172854,7.67916393280029
80.9928131103516,7.6776847839356
80.9931716918947,7.67610692977928
80.9934310913087,7.67439985275269
80.9936294555665,7.67270517349266
80.9937438964845,7.67095422744762
80.993766784668,7.66916084289545
80.9938354492189,7.66754198074341
80.9939727783204,7.66595220565796
80.9942932128908,7.66446113586431
80.9945678710938,7.6629428863526
80.9946823120119,7.66145277023321
80.9943771362305,7.65989780426031
80.9937591552734,7.65841913223267
80.9929962158203,7.65704202651983
80.9919586181643,7.6556539535523
80.9909362792969,7.65451478958136
80.9896392822267,7.65337991714478
80.9884567260743,7.6524448394776
80.987159729004,7.65119409561157
80.9862518310546,7.65000915527355
80.9851379394533,7.64862298965465
80.9842376708985,7.64740896224998
80.9832992553712,7.64610719680786
80.982437133789,7.64462995529175
80.9816741943359,7.64324188232428
80.981315612793,7.64137983322144
80.9812088012696,7.63970518112194
80.9811477661135,7.63817310333252
80.9810180664063,7.63666009902954
80.9805908203127,7.63520622253441
80.9800415039063,7.63368415832514
80.9798431396485,7.6330499649049
80.9795761108398,7.63222885131836
80.9792404174806,7.63074779510521
80.9788360595703,7.6290478706361
80.9784393310546,7.62740516662598
80.9780731201172,7.62581777572632
80.9779129028322,7.62496089935308
80.9777908325196,7.62424802780163
80.9777526855469,7.62273216247559
80.9780197143558,7.62118482589722
80.9781875610353,7.61963987350475
80.978370666504,7.61798715591436
80.9785308837891,7.61650085449219
80.9788513183595,7.61494922637945
80.9791107177735,7.61328792572027
80.9792633056641,7.61173820495611
80.9789962768558,7.61008119583136
80.9786605834963,7.60852384567266
80.9781875610353,7.60686683654791
80.977668762207,7.60518312454235
80.9770584106448,7.6037769317627
80.9765243530273,7.60220909118675
80.9759445190433,7.60083007812494
80.9755096435547,7.5990571975708
80.9750976562501,7.59757518768316
80.9753494262698,7.59611415863043
80.9758682250977,7.59468078613293
80.9762344360352,7.59320402145386
80.9764938354495,7.59162712097162
80.9767684936525,7.59000396728516
80.9769821166993,7.58847188949608
80.9771118164062,7.58683776855474
80.97713470459,7.58524703979504
80.9769134521484,7.58360385894781
80.9758605957032,7.58253097534185
80.9752731323243,7.58156394958496
80.9747009277344,7.58062982559204
80.9741210937501,7.57973909378057
80.9735641479493,7.5787148475647
80.9731826782227,7.57775115966791
80.9729080200195,7.5767459869387
80.9726257324219,7.57557678222662
80.9724197387696,7.57450819015509
80.9722061157227,7.57343006134045
80.9720153808594,7.57236289978022
80.9719238281253,7.57110500335693
80.971893310547,7.56987905502319
80.9718322753907,7.56875276565563
80.9717788696289,7.56768703460699
80.971733093262,7.56658983230585
80.9717788696289,7.5654687881472
80.9719543457031,7.56444311141968
80.971992492676,7.56340599060059
80.9719772338869,7.56228303909313
80.9719161987308,7.5611710548402
80.9719314575198,7.56013393402111
80.972038269043,7.55908298492426
80.9721679687502,7.55801582336426
80.9721679687502,7.55690622329718
80.9721832275392,7.55579376220714
80.9722061157227,7.55469989776634
80.9721832275392,7.55354690551763
80.9721221923831,7.55244779586798
80.9720611572266,7.55122184753418
80.9720306396485,7.55015611648571
80.9720611572266,7.54904603958136
80.9720916748048,7.54783296585083
80.9720993041995,7.54657697677612
80.9721145629886,7.54552698135376
80.9720993041995,7.54442977905285
80.9720840454103,7.5433340072633
80.9720840454103,7.5421080589295
80.9720458984376,7.54085016250622
80.9719848632814,7.53979921340937
80.9718475341797,7.53864383697521
80.9717178344729,7.53743076324486
80.9715728759765,7.53639602661144
80.9713516235354,7.53525495529186
80.9711456298831,7.53398513793945
80.9713211059571,7.53284597396862
80.971290588379,7.53177881240845
80.9714126586916,7.53062295913702
80.9717025756837,7.52951288223267
80.9720916748048,7.52850580215448
80.9725646972658,7.52752780914312
80.9729537963869,7.52647495269775
80.9732437133792,7.52546596527094
80.9733352661135,7.52431201934814
80.9732742309573,7.52314281463623
80.9732589721683,7.52194690704357
80.9732131958008,7.5208501815797
80.9731750488282,7.51968288421642
80.9731140136719,7.51852798461908
80.973083496094,7.51722717285168
80.9730529785159,7.51608705520636
80.973083496094,7.51504993438726
80.9731369018556,7.513909816742
80.9731369018556,7.51272821426392
80.9731216430666,7.511631011963
80.973068237305,7.51044797897339
80.9730224609376,7.5094108581543
80.9728927612308,7.50811195373541
80.9728164672852,7.50705909729004
80.9727706909181,7.50583076477062
80.9727096557617,7.50472116470348
80.9726943969729,7.50358104705822
80.9727249145508,7.50244379043585
80.9727706909181,7.50120210647589
80.9728698730472,7.49995994567877
80.9729614257814,7.49886417388916
80.9731140136719,7.49769401550316
80.9732666015628,7.49654102325445
80.9734954833984,7.49545907974243
80.97371673584,7.49432086944574
80.9739074707033,7.49316596984863
80.9740524291992,7.49202585220337
80.9741821289064,7.49100303649908
80.9742355346679,7.48982000350964
80.9742202758792,7.48875284194946
80.974250793457,7.48820209503185
80.9734954833984,7.48798322677607
80.972267150879,7.48773479461681
80.9712295532228,7.4875159263612
80.9701766967775,7.48735380172729
80.968978881836,7.48723793029785
80.9678268432618,7.4872670173645
80.9667587280276,7.48719406127941
80.9654998779299,7.4870920181275
80.9643478393556,7.48719406127941
80.9632263183595,7.4875750541687
80.9621124267579,7.48760223388678
80.9609451293947,7.48799705505382
80.9606552124026,7.48902177810669
80.9598770141603,7.48986577987671
80.9586791992188,7.48965978622431
80.9576187133792,7.48937082290649
80.9566116333008,7.4889898300172
80.9555282592776,7.48861217498779
80.9544143676758,7.48827505111694
80.9533081054689,7.48804187774658
80.9521789550781,7.48783683776867
80.9509506225589,7.48756122589134
80.9499206542969,7.48744297027594
80.9488220214845,7.4874148368836
80.9477081298831,7.48748779296886
80.9466629028321,7.48699188232422
80.9454727172853,7.48661088943487
80.9445114135744,7.48738622665405
80.9439315795898,7.48834800720238
80.9433135986331,7.4892249107362
80.9423370361329,7.4896030426026
80.9411697387696,7.48974895477295
80.9401168823242,7.48970603942877
80.938804626465,7.48970603942877
80.9376602172853,7.48966312408447
80.93660736084,7.48969221115124
80.9355010986331,7.48959016799938
80.9343185424806,7.48942995071423
80.9332809448244,7.48932504653931
80.9322128295899,7.48869895935064
80.9313354492188,7.48779392242432
80.9312896728518,7.48664093017578
80.9313964843751,7.48558998107916
80.9312591552735,7.4844641685487
80.9316711425784,7.48345899581909
80.932273864746,7.48255395889282
80.9321517944336,7.48145818710321
80.9312896728518,7.4806118011474
80.9302215576174,7.4801721572876
80.9288253784183,7.47941303253185
80.928092956543,7.47865390777588
80.9280319213868,7.47759008407604
80.9277267456056,7.47649383544922
80.9270248413087,7.47564792633062
80.9259567260745,7.47503519058228
80.924919128418,7.47486019134533
80.9236679077151,7.47462511062633
80.9224853515626,7.47366285324108
80.9218673706055,7.47215890884399
80.9217376708986,7.47097778320312
80.9216461181642,7.46988010406494
80.9210510253908,7.46888780593883
80.9202499389651,7.46815919876104
80.9198379516604,7.46710777282715
80.9198684692386,7.46595478057861
80.9196624755862,7.46464014053345
80.9193801879883,7.46350097656244
80.9189453125,7.46250915527355
80.9182128906252,7.46144199371338
80.917091369629,7.46135616302502
80.9162597656249,7.46202611923218
80.9155426025392,7.46281480789196
80.9146804809571,7.46341419219965
80.9135971069336,7.46350097656244
80.9125213623047,7.46328210830688
80.9116134643555,7.4638810157777
80.9106063842774,7.46466684341442
80.909523010254,7.46493196487432
80.9085159301758,7.46461009979254
80.9076080322266,7.46390819549572
80.9075546264649,7.46281480789196
80.9076232910157,7.46170520782465
80.9074478149417,7.46052408218384
80.9073028564453,7.45945692062384
80.9064865112308,7.45858192443842
80.905403137207,7.4588880538941
80.9049377441407,7.45982217788702
80.904426574707,7.46087312698364
80.9039611816407,7.46183681488043
80.903259277344,7.46280097961426
80.9027633666994,7.46383619308472
80.902442932129,7.46493196487432
80.9021301269534,7.4660692214967
80.9018554687501,7.46713590621948
80.9014892578126,7.46827316284202
80.9010848999024,7.46939897537237
80.9006881713868,7.47044992446899
80.9004516601564,7.47154378891014
80.9001770019532,7.4727258682251
80.8996658325195,7.47363090515142
80.8988189697266,7.47437381744396
80.8979644775391,7.4748210906983
80.8966827392579,7.47506284713756
80.895606994629,7.47503280639643
80.8945999145508,7.47452020645136
80.8935012817384,7.47399616241461
80.8923645019532,7.47382020950317
80.8912200927736,7.47389316558844
80.8901290893554,7.47380399703979
80.8889999389648,7.47395277023321
80.88777923584,7.47361516952526
80.8866348266603,7.47323513031006
80.8856887817384,7.4726967811585
80.8847961425781,7.47211122512817
80.8846206665041,7.47107410430908
80.8844757080079,7.46997976303101
80.8834686279297,7.46951293945335
80.8823089599609,7.46962881088263
80.881187438965,7.46977519989036
80.8803100585938,7.46913194656366
80.8797302246094,7.4682412147522
80.8789367675781,7.46754121780396
80.8785552978516,7.46647500991821
80.878028869629,7.46548318862915
80.8773727416994,7.46632909774786
80.8765716552737,7.46700096130377
80.8755798339845,7.46753883361811
80.8747482299805,7.46835994720465
80.8740005493165,7.46927785873419
80.8730697631837,7.47000694274908
80.8721008300782,7.47046089172363
80.8711547851563,7.47095584869379
80.8702011108399,7.47139501571655
80.8691635131836,7.47194910049461
80.8681030273438,7.4725918769837
80.8671188354493,7.47305679321295
80.8660278320313,7.47348117828369
80.8649597167969,7.4738302230835
80.863952636719,7.47422409057629
80.8626937866213,7.47476577758795
80.8616180419922,7.47442913055414
80.8601837158203,7.4738302230835
80.8590545654297,7.47340583801281
80.8580169677735,7.47323179244995
80.8567810058595,7.4732728004455
80.8556365966799,7.47325992584229
80.8544006347657,7.47325992584229
80.8532180786133,7.47309780120855
80.8522109985353,7.47282218933105
80.8511428833008,7.47270393371576
80.8501205444338,7.47247123718262
80.8491668701174,7.47197389602667
80.8482666015626,7.47136116027826
80.8472976684571,7.47068881988531
80.8463058471681,7.46976995468151
80.8454132080079,7.46903896331787
80.8445358276367,7.46811819076561
80.8437957763672,7.46718406677252
80.8431472778321,7.46626520156872
80.8423156738281,7.46525812149054
80.8416442871097,7.46443986892706
80.8407669067385,7.46382617950439
80.8397445678714,7.46311092376709
80.838722229004,7.46277284622192
80.8375396728517,7.4626407623291
80.8364791870118,7.46248197555553
80.8352355957033,7.46243619918846
80.8341979980472,7.46214389801037
80.833366394043,7.46135807037359
80.8324127197266,7.46062707901001
80.8314208984377,7.46002721786505
80.8302993774414,7.4599409103393
80.8292465209964,7.45985221862793
80.8281097412112,7.45986795425421
80.8269653320315,7.46014308929466
80.8257522583008,7.46039199829102
80.8246917724612,7.46053791046154
80.8234939575196,7.46074008941656
80.822364807129,7.46075582504267
80.8213577270508,7.46033287048346
80.8203659057619,7.45990896224998
80.8195343017581,7.45916318893433
80.8189468383792,7.45817184448248
80.8183212280274,7.45703220367426
80.8174743652344,7.4561119079591
80.8166275024415,7.45542621612549
80.8157348632812,7.4545340538026
80.8148574829102,7.45374584198021
80.8139953613284,7.45300102233887
80.8131637573243,7.45237398147589
80.8122177124024,7.4517312049868
80.8112487792969,7.45107221603399
80.810287475586,7.4503431320191
80.8093643188477,7.44967317581182
80.8083572387697,7.44910287857056
80.8075256347659,7.44841480255127
80.8069000244141,7.4475531578064
80.8070907592774,7.44653177261364
80.8074569702149,7.44548177719128
80.8080215454102,7.44447422027588
80.808494567871,7.4433641433717
80.8087844848633,7.44221115112316
80.8089447021485,7.44107389450096
80.8083877563477,7.440110206604
80.8073654174805,7.43987512588501
80.8061981201171,7.43994808197027
80.8051300048829,7.43990516662598
80.8039321899414,7.43982887268072
80.8027496337893,7.43940782546997
80.8018035888675,7.4388217926026
80.8009719848633,7.4380931854248
80.7999343872072,7.43740701675426
80.7990722656251,7.43664503097546
80.7983093261719,7.43584299087536
80.7975387573243,7.43492221832275
80.7968826293947,7.43406295776367
80.7962112426758,7.43323087692266
80.795379638672,7.43229484558111
80.79451751709,7.4314627647401
80.7937240600587,7.43071699142467
80.7929992675784,7.42985582351685
80.7922058105469,7.42895078659052
80.7914047241212,7.42825078964228
80.790267944336,7.42776823043835
80.7891693115236,7.4279141426087
80.7882919311523,7.42865896224981
80.7873306274414,7.42922878265387
80.7863464355472,7.42992877960211
80.7853698730472,7.43045282363886
80.7842483520511,7.43061304092419
80.7829284667968,7.4304761886599
80.7818374633791,7.43042278289795
80.7807235717774,7.4303050041201
80.7796936035156,7.43011283874512
80.7786102294922,7.43008422851574
80.7779922485352,7.43098878860496
80.7776184082033,7.43204212188726
80.7772369384767,7.43317890167242
80.7767562866212,7.43431806564337
80.7762451171878,7.43523693084722
80.7755126953125,7.43624401092541
80.7747497558594,7.43710613250732
80.7738571166993,7.43789386749268
80.7729721069339,7.43855094909674
80.7718887329102,7.43922090530401
80.7707366943359,7.43981981277466
80.7696685791016,7.44038820266735
80.7685546875001,7.44076776504511
80.7673568725586,7.44107389450096
80.7662048339845,7.44130611419689
80.7650985717774,7.44148206710815
80.7640151977542,7.44164085388189
80.7633743286133,7.44254589080822
80.7630233764649,7.44384479522705
80.7628173828126,7.44486618042004
80.7625427246094,7.44588994979881
80.7620849609376,7.44698381423962
80.7614440917969,7.44796085357672
80.7606658935549,7.44870376586908
80.7596206665042,7.44905519485474
80.7585525512697,7.44892311096191
80.7574996948243,7.4485721588137
80.7565383911133,7.4481778144837
80.7553939819337,7.44794321060181
80.7542724609376,7.44804620742798
80.7533264160159,7.44861507415771
80.7527084350587,7.44957685470587
80.7521820068362,7.45049810409552
80.7515945434571,7.45140314102184
80.7508850097656,7.4523811340332
80.7499618530275,7.4531397819519
80.7490386962892,7.45392799377447
80.7482986450196,7.45474576950073
80.7474822998049,7.45556211471563
80.7466583251956,7.45621919631969
80.7458877563479,7.45719385147095
80.7449798583984,7.45833396911621
80.7443237304688,7.45923900604248
80.7435913085939,7.4601731300354
80.742744445801,7.4611639976502
80.7419281005859,7.46199607849127
80.7411193847659,7.46268177032471
80.740173339844,7.46341180801403
80.7391662597657,7.46399497985851
80.7380981445315,7.4643602371217
80.7369766235352,7.46472406387335
80.7358627319338,7.46482706069952
80.7347106933595,7.46475219726568
80.7336425781251,7.46448993682867
80.7324905395508,7.46460580825828
80.7329406738284,7.46558380126947
80.7331924438478,7.46666383743309
80.7334060668945,7.46810913085938
80.73348236084,7.46932077407837
80.7333526611328,7.47047519683844
80.7329559326171,7.471598148346
80.7324600219727,7.47263479232788
80.7318267822266,7.47364282608038
80.7309646606446,7.47426891326904
80.7303924560547,7.47446489334101
80.7299041748046,7.47463417053223
80.7287750244141,7.47476577758795
80.727752685547,7.47457313537609
80.7267303466797,7.47406196594238
80.7258987426757,7.47339010238647
80.724967956543,7.47269010543823
80.7241363525392,7.47201776504528
80.7230834960939,7.47138881683372
80.7221450805666,7.47076177597057
80.7211990356445,7.47007417678839
80.7203826904297,7.46930122375488
80.7196044921874,7.46830701828014
80.718864440918,7.46751880645758
80.7183914184571,7.46678876876842
80.7178421020509,7.46651411056524
80.715919494629,7.46595478057861
80.713981628418,7.46531009674078
80.712173461914,7.46453285217285
80.710189819336,7.46385812759405
80.7081146240236,7.46359205245972
80.7061920166016,7.46317911148066
80.704444885254,7.46202421188354
80.703109741211,7.46059513092047
80.701728820801,7.45918178558372
80.7011489868166,7.45731687545782
80.7022476196288,7.455650806427
80.7032546997072,7.45383691787742
80.7036285400392,7.45304393768322
80.7041168212893,7.45200681686413
80.7043457031249,7.44997215270996
80.7044296264649,7.4479069709779
80.7040557861329,7.44597387313837
80.7050704956058,7.44427394866943
80.7060394287112,7.44250488281244
80.7061767578126,7.44048404693604
80.7066497802734,7.43855094909674
80.708221435547,7.4371738433839
80.7093353271486,7.43549013137817
80.7104797363283,7.43380784988415
80.7112197875976,7.43193387985235
80.7113800048831,7.43002510070801
80.7117156982422,7.42802619934093
80.7121429443362,7.42609310150141
80.7109832763675,7.42435884475719
80.7091751098635,7.42355585098278
80.7093200683594,7.4215779304505
80.7091369628906,7.41954278945934
80.7084121704103,7.41764879226685
80.7080841064454,7.41567277908337
80.7067642211915,7.41411209106451
80.7065658569337,7.41216278076183
80.7068252563476,7.4102139472962
80.7071914672854,7.40828180313122
80.7077255249025,7.40629386901855
80.7081832885742,7.40435886383068
80.7075347900392,7.40245389938349
80.7063903808595,7.40088081359869
80.7067794799806,7.39891910552979
80.7069168090821,7.39696979522711
80.7060165405275,7.39522218704218
80.7045974731447,7.39372014999384
80.7028884887695,7.39277219772339
80.7008514404297,7.39231586456299
80.6995849609374,7.39079809188848
80.6989517211915,7.38887882232672
80.6983871459962,7.38697195053101
80.6969833374024,7.38685798645014
80.6963577270508,7.38680505752563
80.6944351196288,7.38710403442377
80.6924591064454,7.38752079010033
80.6904907226562,7.38768720626831
80.6884307861329,7.38763713836681
80.6864471435549,7.38769197464012
80.6844787597659,7.38755321502691
80.6824951171876,7.38743209838879
80.6805267333984,7.38704681396484
80.6784820556641,7.38698291778564
80.6765289306642,7.38675689697271
80.6746902465821,7.38602781295788
80.6728668212893,7.38522100448614
80.671211242676,7.38408184051514
80.6692504882812,7.38403177261353
80.6673431396484,7.38444900512695
80.6653976440433,7.38476085662853
80.663444519043,7.38448095321678
80.6617584228517,7.38546323776239
80.6597900390626,7.38568878173828
80.6578826904297,7.38529014587402
80.6559829711915,7.38452816009521
80.6540145874023,7.38460779190069
80.6537551879884,7.38490200042725
80.6526947021486,7.38607406616217
80.6515502929689,7.38768482208263
80.6496658325197,7.38830280303955
80.6478347778321,7.38919782638544
80.6464004516603,7.39060497283941
80.6451110839844,7.39223003387445
80.6437606811523,7.39367914199829
80.6425018310548,7.39521503448492
80.6410522460939,7.39659214019775
80.6391220092773,7.39703607559215
80.6371383666993,7.3974370956422
80.635368347168,7.39826297760021
80.6334762573243,7.39899587631226
80.6315994262696,7.39848089218134
80.6296539306641,7.39879608154308
80.6279144287111,7.39977788925182
80.6264343261719,7.40106821060186
80.6246643066408,7.40192079544067
80.6230697631839,7.40312194824224
80.621696472168,7.40452814102167
80.620491027832,7.40616703033447
80.6194458007815,7.40790796279919
80.6181716918947,7.40954685211176
80.6168060302734,7.41106891632103
80.615692138672,7.41276693344116
80.6145019531253,7.41439008712769
80.6126480102541,7.41512584686274
80.6108779907229,7.4160790443421
80.6089630126956,7.4166979789735
80.6069717407227,7.41705417633062
80.6053314208987,7.41811180114746
80.6035079956056,7.41923999786377
80.6018524169922,7.42032480239868
80.5998535156252,7.42066621780401
80.5990142822267,7.42248106002802
80.5978927612308,7.42416477203375
80.59635925293,7.42544078826904
80.5948791503906,7.42684507370006
80.5934448242188,7.42821979522711
80.5917282104493,7.42926120758062
80.5897445678713,7.42884588241577
80.587745666504,7.42831802368164
80.5868759155273,7.42896509170532
80.586166381836,7.4294891357423
80.585662841797,7.43137788772606
80.584426879883,7.4329600334168
80.5828628540039,7.43438005447399
80.5814437866212,7.43571281433111
80.580062866211,7.4371328353883
80.5788269042972,7.4387578964234
80.576988220215,7.43940591812139
80.5749740600587,7.43963098526001
80.573127746582,7.44046783447266
80.5744094848634,7.44205617904674
80.5739746093751,7.44400501251221
80.5733413696291,7.44592189788813
80.5727462768554,7.44783782958996
80.5725402832034,7.44978523254406
80.5725860595705,7.45184993743896
80.571876525879,7.45372295379644
80.56990814209,7.45359992980968
80.5692901611331,7.45548677444452
80.5684509277344,7.45724678039545
80.566474914551,7.45742702484131
80.5655822753907,7.45761108398438
80.5653839111329,7.45956182479858
80.5653533935549,7.46153783798241
80.5648040771485,7.46345520019543
80.5639495849612,7.46524000167858
80.5634841918946,7.46714305877697
80.564064025879,7.46913719177257
80.5654754638675,7.47055196762085
80.5669250488282,7.47222995758062
80.5684814453126,7.47344207763672
80.569274902344,7.47524690628074
80.5695877075196,7.47719621658325
80.5714645385744,7.47657585144054
80.5733642578127,7.47584199905401
80.5750503540039,7.47682189941418
80.5749664306641,7.47876787185692
80.5744476318362,7.48077392578131
80.5738067626954,7.48192691803001
80.5734634399417,7.48254489898693
80.5721130371095,7.4840669631958
80.5707778930665,7.48551511764549
80.5710525512697,7.48749303817755
80.572166442871,7.48916816711426
80.5728607177735,7.49104785919201
80.5708312988281,7.49121522903442
80.5705566406251,7.49314785003668
80.5719985961914,7.4945631027224
80.5717697143558,7.49655294418341
80.5710906982422,7.49846887588524
80.5702819824219,7.50038623809826
80.5705490112305,7.50237989425665
80.5720901489258,7.50366306304937
80.5728149414063,7.50554084777832
80.5729522705078,7.50762176513672
80.5714721679688,7.50895595550543
80.5695571899416,7.50955677032482
80.5684509277344,7.51125478744518
80.5688858032229,7.51327896118187
80.5689468383789,7.51525497436535
80.5672225952148,7.51625299453747
80.5656356811525,7.51498222351074
80.5642547607422,7.51342296600347
80.5625152587891,7.51430177688599
80.5634994506837,7.51603698730474
80.5645446777343,7.51772785186779
80.5632247924805,7.51916217803955
80.5644607543946,7.52073621749884
80.5647888183595,7.52267122268677
80.5637283325196,7.52440977096563
80.5624923706056,7.52600812911987
80.5617828369141,7.52787923812878
80.5602188110352,7.52912616729742
80.559669494629,7.5309991836549
80.5589141845704,7.53291606903082
80.5578994750978,7.53464078903198
80.5570068359376,7.53639888763428
80.5556106567385,7.53781890869146
80.5536422729495,7.53813123703014
80.5516662597657,7.53825616836548
80.5523147583011,7.5401339530946
80.5531692504883,7.5419101715089
80.554008483887,7.54373121261597
80.5532150268555,7.54551792144787
80.5538482666018,7.54742288589489
80.5532150268555,7.54932403564447
80.5516052246095,7.55046796798729
80.552558898926,7.55218887329124
80.5530624389651,7.55410814285301
80.5530700683597,7.55612897872925
80.5542755126955,7.55771780014038
80.5550689697266,7.55952310562134
80.5558471679688,7.56132793426536
80.5561752319338,7.56324911117554
80.5575714111329,7.56461906433111
80.5588531494142,7.56613683700556
80.5603942871095,7.56739282608044
80.5618286132815,7.56873512268089
80.5618362426761,7.57071113586437
80.5627212524415,7.57253217697144
80.5646209716797,7.5730180740357
80.5660095214845,7.57164096832287
80.5675277709962,7.57288312911987
80.5680541992188,7.57477521896357
80.5699996948243,7.57523107528692
80.5718002319336,7.57597780227667
80.5737457275392,7.57563591003418
80.5733184814453,7.57758283615124
80.5731735229494,7.57955884933472
80.5727615356445,7.58150720596325
80.5736160278321,7.58332777023327
80.5736618041995,7.58404588699347
80.5731658935549,7.58606576919556
80.5720062255861,7.58781814575195
80.5706481933593,7.58946609497065
80.5693893432618,7.59114599227905
80.568572998047,7.59307622909546
80.568473815918,7.5952029228211
80.5696334838868,7.59693002700806
80.57088470459,7.5986437797547
80.5721282958987,7.60028696060192
80.5733718872072,7.60198783874512
80.5747451782227,7.60352802276634
80.5751571655274,7.60418510437023
80.5758819580079,7.60531520843512
80.5757751464847,7.60741186141968
80.5741271972658,7.60869312286383
80.5723342895511,7.60972785949713
80.5709609985352,7.61128902435297
80.5697860717774,7.61307096481323
80.5686798095704,7.6148829460144
80.5674362182619,7.61659002304083
80.5662078857423,7.6182541847229
80.5656127929688,7.62027502059948
80.5656280517579,7.62232685089111
80.5659255981447,7.62438488006592
80.5658798217773,7.62643814086925
80.5656280517579,7.62848901748657
80.5645294189456,7.63034486770641
80.5630950927735,7.63188982009888
80.5611343383791,7.63263082504272
80.559051513672,7.63289022445684
80.5569229125977,7.63297510147106
80.5548248291016,7.63362693786621
80.5543518066407,7.63418006896978
80.553482055664,7.63520383834839
80.5527496337892,7.63714790344238
80.5512161254885,7.63854694366455
80.5496673583984,7.63990592956543
80.5488739013675,7.64186286926281
80.5494537353518,7.64386415481573
80.5494384765628,7.64591789245611
80.5497512817383,7.64796018600464
80.5480728149415,7.64919805526739
80.5480575561524,7.65126705169683
80.5473480224612,7.65322685241694
80.5459899902345,7.65478801727318
80.5452575683597,7.65677595138561
80.5448303222657,7.6588411331179
80.5450286865236,7.66092777252192
80.5458602905273,7.66281080245994
80.5476608276368,7.66383218765253
80.5496978759767,7.66329622268682
80.5516815185547,7.66393899917608
80.5520401000977,7.66599702835089
80.5525207519531,7.66799592971802
80.5525054931643,7.66862010955811
80.5524749755861,7.67004919052135
80.552146911621,7.67214393615728
80.5516281127931,7.6742091178894
80.5503005981445,7.67582893371576
80.5492324829103,7.67760896682762
80.548439025879,7.67959880828863
80.5480804443361,7.68167781829828
80.5482940673831,7.68379306793224
80.5484848022464,7.68589210510265
80.5476608276368,7.68779277801519
80.5470733642579,7.68979787826549
80.5476379394532,7.69184303283686
80.5474395751953,7.693922996521
80.5467376708985,7.69591283798218
80.5463104248047,7.69799184799206
80.5466003417972,7.70003414154053
80.5471649169925,7.70207786560059
80.5477142333987,7.70409297943138
80.5473861694336,7.70612812042242
80.5458831787111,7.70754384994518
80.5439453124999,7.70834398269653
80.5418167114261,7.70835304260277
80.5397109985354,7.7079701423645
80.5376281738284,7.707675933838
80.5358200073243,7.70872402191173
80.5358123779297,7.70984506607056
80.5358123779297,7.71080684661877
80.5363159179687,7.71286487579357
80.5362396240235,7.7149457931518
80.5356063842775,7.71701097488409
80.5354614257813,7.71907806396479
80.5357437133788,7.72111988067627
80.5369415283205,7.72283411026012
80.5373611450196,7.72490596771246
80.5371704101563,7.72700119018549
80.5368423461917,7.72906494140625
80.5363693237306,7.73107290267944
80.5367584228516,7.73309898376476
80.5367736816407,7.73515510559076
80.536346435547,7.73718786239635
80.5354614257813,7.73909091949474
80.5341873168948,7.74075508117681
80.5326232910157,7.7422981262207
80.5306701660157,7.74318695068365
80.5287399291994,7.74405813217163
80.5275802612306,7.74584007263206
80.5270233154299,7.74784278869652
80.5257644653321,7.74958181381226
80.5245895385743,7.75139379501343
80.5242080688477,7.75345706939697
80.5232543945313,7.75535821914679
80.5220184326172,7.75709390640253
80.5205764770508,7.75859785079967
80.5193176269534,7.76034879684454
80.5188446044922,7.76239776611328
80.5188827514649,7.76448106765753
80.5190811157227,7.76655006408697
80.5186386108398,7.76858806610107
80.5180206298828,7.77063512802124
80.5172729492189,7.77266788482677
80.515579223633,7.77392101287842
80.5135192871094,7.7741379737854
80.5114364624024,7.77424907684338
80.5092315673828,7.77404022216797
80.5072326660157,7.77352714538586
80.5051727294923,7.77332210540794
80.50309753418,7.77373886108398
80.5014190673828,7.77516794204723
80.5011901855472,7.77721881866455
80.5007476806641,7.7793431282044
80.4988403320313,7.78020000457764
80.4970016479495,7.78120279312139
80.4959945678712,7.78304386138916
80.4958724975585,7.78511190414451
80.4958496093753,7.78726482391357
80.4957580566407,7.78937816619873
80.495445251465,7.79151582717907
80.4953918457032,7.79367208480841
80.49528503418,7.79579877853405
80.495590209961,7.79786777496332
80.4958648681643,7.80002593994146
80.4956207275391,7.80219411849976
80.4950180053712,7.80418586730951
80.4945297241214,7.80619096755981
80.4943771362306,7.80828619003319
80.4949340820312,7.81028699874889
80.4960250854495,7.81211709976202
80.4974136352539,7.8136582374575
80.4987945556642,7.8147020339967
80.4989624023439,7.81482696533197
80.4990692138673,7.81505489349365
80.5005187988281,7.81795215606701
80.5010833740236,7.81993913650513
80.5008773803713,7.82206296920771
80.5001831054688,7.82400989532493
80.4999313354494,7.82606077194208
80.5018081665039,7.82693576812744
80.5038986206055,7.82695388793945
80.5057754516604,7.82794618606579
80.5078353881837,7.82822608947748
80.5099029541016,7.82792282104492
80.511962890625,7.8274188041687
80.5141143798829,7.82752180099487
80.5162200927735,7.82774496078486
80.5182800292969,7.82776117324823
80.5202713012698,7.82703590393078
80.5223846435546,7.82689523696894
80.5244140625001,7.82732105255138
80.5263595581058,7.82812309265131
80.5281066894531,7.82927417755127
80.5298919677734,7.83035182952904
80.5316543579102,7.83146190643322
80.5333938598634,7.83259677886957
80.5352478027344,7.83354616165161
80.5369567871094,7.83478307724005
80.5389633178714,7.8358931541444
80.5408706665042,7.8369569778443
80.5426940917969,7.83805084228527
80.5444793701175,7.83918905258173
80.5467147827149,7.83978414535522
80.5472793579102,7.8402099609375
80.5479888916017,7.84056520462048
80.5485458374025,7.84091901779175
80.5491256713869,7.84135818481451
80.5496902465822,7.84177112579351
80.5503463745118,7.8421258926391
80.5510177612305,7.84229278564447
80.5516891479493,7.84235382080078
80.5523757934572,7.84251880645775
80.5531921386719,7.8427147865296
80.5539932250978,7.84301280975347
80.5547332763672,7.84333705902105
80.5554885864258,7.8437647819519
80.5560302734376,7.84419107437139
80.5565490722656,7.84470415115356
80.5571746826172,7.84527587890631
80.5577087402345,7.84574794769287
80.5583648681641,7.84623289108288
80.5589294433594,7.84663009643555
80.5595016479493,7.84701299667381
80.5602264404297,7.84749794006342
80.5609283447266,7.84779500961304
80.5617446899414,7.84793090820335
80.5624542236328,7.84818410873413
80.5631103515626,7.84842109680187
80.5637969970703,7.84855985641491
80.5645446777343,7.84865188598644
80.5652160644532,7.84891796112061
80.5655288696291,7.84950399398804
80.5657577514649,7.85020399093622
80.566116333008,7.85084581375122
80.5665817260743,7.85137510299688
80.5670547485353,7.85193395614624
80.5674896240235,7.8524599075318
80.5678787231446,7.85308885574335
80.5682601928712,7.85364484786987
80.5687484741211,7.85431814193726
80.5691070556643,7.8549919128418
80.5693054199218,7.85563516616827
80.5694046020508,7.8563051223756
80.5694122314454,7.85710477828991
80.5693893432618,7.85786390304565
80.5693664550783,7.85860681533825
80.5693740844727,7.85932016372675
80.5695571899416,7.86025190353405
80.5697402954103,7.86095380783087
80.5699996948243,7.86169719696045
80.5703735351563,7.86244297027611
80.5707168579102,7.86301517486595
80.5710830688478,7.86357116699241
80.5716323852541,7.86424589157104
80.5720672607422,7.86474180221569
80.5725555419921,7.86537122726463
80.5730438232422,7.86608886718761
80.5734252929688,7.86674785614025
80.5738983154297,7.867247104645
80.5745239257812,7.86770296096802
80.5751190185547,7.86796998977684
80.5759506225589,7.86835479736334
80.5767288208011,7.86850500106812
80.5774612426759,7.86821985244751
80.578224182129,7.86793279647827
80.5788650512695,7.86760282516491
80.579658508301,7.86753416061407
80.5806198120119,7.86768722534185
80.5813217163085,7.86788320541388
80.5822143554688,7.867991924286
80.58309173584,7.86804008483887
80.583869934082,7.86775493621826
80.5845565795901,7.86713314056396
80.585174560547,7.8667888641358
80.5860977172851,7.86651802063
80.5867538452149,7.86655378341686
80.5874404907227,7.86671781539917
80.5880966186524,7.86692619323736
80.588768005371,7.86710596084595
80.589569091797,7.86731290817261
80.5902175903321,7.8671879768371
80.5907592773438,7.86681413650507
80.5912933349611,7.86616182327271
80.5916213989257,7.8655509948731
80.5919494628907,7.86479711532604
80.5921020507813,7.86395406723034
80.5920639038088,7.86299180984491
80.5920410156252,7.86224889755255
80.5920944213868,7.8613600730896
80.5921173095704,7.86063289642334
80.5923233032227,7.86000585556036
80.5926666259766,7.85936784744257
80.5928344726562,7.85871410369884
80.5930557250977,7.85810279846197
80.5935592651369,7.85762691497825
80.5941619873049,7.85725307464622
80.5948181152345,7.85686302185064
80.5954132080081,7.85653305053711
80.5962142944336,7.85632085800171
80.5969467163089,7.85610723495483
80.5975952148439,7.8560090065003
80.5983505249025,7.85586977005005
80.5989990234376,7.855784893036
80.5998153686526,7.85576295852684
80.6007232666017,7.85582590103155
80.6013488769531,7.85622501373302
80.6018981933597,7.85685682296764
80.602478027344,7.85754489898693
80.6030578613284,7.8580141067506
80.6039123535157,7.85869121551519
80.6045227050782,7.8591041564942
80.6052932739258,7.85941410064703
80.6059341430663,7.85972404479986
80.6066207885743,7.86005020141607
80.6074371337893,7.8605809211731
80.6080169677737,7.8612260818482
80.6083755493167,7.86179494857811
80.6085891723636,7.86248111724865
80.6089935302734,7.86314010620129
80.6094665527344,7.86374187469482
80.6100845336917,7.86399316787714
80.6108169555665,7.86395406723034
80.6114959716799,7.86407518386847
80.6122436523438,7.86450290679932
80.6128082275391,7.86506080627441
80.6132583618165,7.86564683914196
80.6136474609376,7.86617422103905
80.6141662597658,7.86687612533569
80.614685058594,7.86754989624035
80.6152038574219,7.8681521415711
80.6159210205079,7.86856412887585
80.6167221069337,7.86864185333275
80.6174240112306,7.86867618560791
80.618263244629,7.86853694915783
80.6192703247073,7.86835479736334
80.6199111938478,7.86840295791626
80.6206130981445,7.86836385726923
80.621406555176,7.86829805374146
80.622055053711,7.86833381652832
80.6227645874025,7.86856889724731
80.6232376098634,7.86911106109625
80.6233520507812,7.86986780166637
80.6233444213869,7.87055397033703
80.6230926513671,7.87119197845465
80.6226806640628,7.87172985076899
80.6224365234376,7.87241220474249
80.622329711914,7.87318420410151
80.6222763061525,7.87386798858654
80.6224594116212,7.87453985214245
80.6225738525392,7.87518119812017
80.6225814819338,7.87596702575695
80.6224746704103,7.87670993804932
80.6223220825198,7.87734794616694
80.6220932006837,7.87807798385626
80.6220474243165,7.87873220443726
80.6221160888675,7.87943077087397
80.6222381591797,7.8802628517152
80.6224212646485,7.88106584548962
80.6226043701172,7.88192510604864
80.6228790283206,7.88261079788208
80.6233978271485,7.88309621810913
80.6241302490235,7.88323307037376
80.6248626708986,7.88332414627098
80.6256027221681,7.88344717025757
80.6263809204103,7.88358402252197
80.6270446777345,7.8838348388673
80.6276473999026,7.8842339515686
80.6282577514648,7.8846759796142
80.6287460327149,7.88510179519665
80.6293258666993,7.8855419158935
80.6299133300782,7.88583612442022
80.6306152343751,7.88592910766602
80.6314163208008,7.88581800460827
80.6321029663088,7.88564920425409
80.6327972412112,7.88553714752203
80.6336975097657,7.8857741355896
80.6342926025392,7.88617277145386
80.634864807129,7.88652610778809
80.6355209350588,7.88667678833008
80.6362228393558,7.88639020919811
80.6369857788089,7.88643980026268
80.6377410888675,7.88683891296398
80.6382293701172,7.88732194900535
80.6386489868165,7.88795089721691
80.638984680176,7.88852119445801
80.6392211914063,7.8893680572512
80.6392440795899,7.89002323150635
80.638931274414,7.89070606231689
80.63818359375,7.89107990264893
80.6377716064456,7.89161777496344
80.6377639770511,7.89237213134788
80.6378326416017,7.89323377609259
80.6379013061524,7.89387416839622
80.6373825073245,7.89438295364374
80.6367263793946,7.89427280426031
80.6359939575196,7.89418220520031
80.6352233886719,7.89416122436529
80.6345748901369,7.8945508003236
80.6343383789065,7.89526176452631
80.6338500976563,7.89587116241455
80.6333923339843,7.89645004272467
80.6330795288086,7.89706087112427
80.6328353881836,7.89767122268677
80.6326522827148,7.89839792251598
80.6325073242188,7.89906597137451
80.6324462890624,7.90015077590942
80.6329879760745,7.9009051322937
80.6334609985352,7.90136098861689
80.6339721679687,7.90190076828003
80.6345062255862,7.90256214141846
80.6349258422851,7.90306091308599
80.6355056762695,7.90376281738281
80.6359252929689,7.90431976318359
80.6364288330081,7.90490484237671
80.6368942260742,7.90540409088146
80.6375503540042,7.90596294403082
80.6381301879886,7.90637493133551
80.6389160156253,7.906904220581
80.6394958496093,7.90728712081909
80.64013671875,7.90775585174572
80.6407165527344,7.90822792053228
80.6412506103517,7.90865421295177
80.6418914794922,7.90911006927496
80.6425933837892,7.90960884094244
80.6432037353516,7.90999221801763
80.6437988281251,7.91033220291138
80.6444549560546,7.91070079803467
80.6451263427735,7.91102695465088
80.6457519531253,7.91130685806297
80.6464309692383,7.91160392761236
80.6470642089844,7.91182708740257
80.6477737426758,7.91207981109631
80.64852142334,7.91227388381969
80.6492309570312,7.91245412826538
80.6500778198243,7.91270685195923
80.650764465332,7.91300296783453
80.6514968872073,7.9133877754212
80.652267456055,7.91388702392578
80.6528320312503,7.91419696807861
80.653648376465,7.91469907760626
80.6540908813477,7.91524076461815
80.6543350219729,7.91589784622204
80.6544799804688,7.9167590141297
80.6544799804688,7.91779184341453
80.6545486450198,7.91865301132202
80.654655456543,7.91941022872936
80.6549148559573,7.92028522491455
80.6550140380859,7.92097091674799
80.6550750732422,7.92174386978149
80.6551132202151,7.92238378524792
80.6551513671875,7.92349195480347
80.6552200317383,7.92439603805565
80.6552124023438,7.92506694793707
80.6551132202151,7.92601203918463
80.6550903320314,7.92690086364757
80.6550445556641,7.92765808105491
80.6549758911135,7.92841482162487
80.6548690795899,7.92924404144281
80.6547622680663,7.92994213104248
80.6545791625977,7.9306688308717
80.6544113159181,7.93135213851929
80.6542739868165,7.93213891983032
80.6541976928711,7.93280887603765
80.6540451049806,7.93357896804804
80.6540679931641,7.93441104888927
80.6540985107422,7.93528413772589
80.6541061401368,7.93605422973633
80.6540985107422,7.93698883056646
80.6540985107422,7.9377322196961
80.6541061401368,7.93848800659191
80.6541137695313,7.93917179107677
80.6540603637695,7.93985795974726
80.6540374755861,7.94086313247686
80.6539993286132,7.941882133484
80.6538772583008,7.94281578063965
80.6537399291993,7.94346809387207
80.6534729003908,7.94426822662376
80.6532440185547,7.94503879547142
80.653015136719,7.94598388671881
80.6529235839844,7.94665193557739
80.6530532836914,7.94729280471807
80.6535720825198,7.94790983200085
80.6543884277344,7.94829320907616
80.6550903320314,7.94802379608149
80.6557769775391,7.94789695739757
80.6564788818359,7.94833612442017
80.656707763672,7.94909477233887
80.6568603515624,7.94976806640631
80.6571044921877,7.95041084289556
80.6573791503907,7.95108318328852
80.6575317382813,7.95185518264771
80.6575775146487,7.95268678665173
80.6576309204102,7.95341396331798
80.6576538085939,7.95408678054832
80.657768249512,7.95489978790295
80.6579055786133,7.95593690872204
80.658027648926,7.95666694641119
80.6580810546876,7.95730686187756
80.6581497192386,7.95804977416998
80.6582183837892,7.95869302749628
80.6585083007813,7.9593200683596
80.6587066650392,7.96009492874168
80.6596984863284,7.96043586730957
80.6604080200196,7.96060085296637
80.6612854003908,7.96068000793463
80.662094116211,7.96074390411383
80.6627731323242,7.96096706390381
80.663398742676,7.96123409271252
80.6640548706056,7.96157121658337
80.6646575927737,7.96188402175909
80.6653137207031,7.96222114563011
80.6658782958986,7.96253299713135
80.6664428710939,7.96288585662853
80.6670684814454,7.96326923370367
80.6677856445314,7.96349287033075
80.6685485839845,7.96343994140625
80.6693496704102,7.96318292617792
80.6699523925782,7.96289587020874
80.6708068847658,7.96252202987671
80.6715698242189,7.96213388442987
80.6721420288088,7.96181821823131
80.6728897094727,7.96144390106201
80.6735076904299,7.96108579635631
80.6743469238282,7.96059608459467
80.6752243041994,7.96017885208124
80.6759719848635,7.95985078811646
80.6767807006837,7.95946121215832
80.67741394043,7.95914602279657
80.6780319213867,7.95874118804937
80.6786651611328,7.9582781791687
80.6795349121097,7.9577169418335
80.6801910400391,7.95730018615734
80.6809005737305,7.95694017410301
80.6815719604493,7.95668315887451
80.6823043823243,7.95668983459495
80.6828689575196,7.95712900161755
80.6833343505862,7.95769882202171
80.6837387084964,7.95824193954479
80.6841278076171,7.95875406265259
80.6845016479495,7.95931100845337
80.6848831176761,7.95987987518311
80.6854171752931,7.96068716049189
80.6859664916993,7.9615621566773
80.6864395141602,7.96229600906378
80.6869277954102,7.96302604675293
80.6873168945314,7.96361112594604
80.6877212524417,7.96428585052502
80.688087463379,7.96495819091797
80.6884460449219,7.96566009521496
80.6889038085937,7.96658086776739
80.6892776489257,7.96733999252331
80.689636230469,7.96799898147577
80.6900863647463,7.96872997283958
80.6904449462891,7.96927022933954
80.6908340454103,7.96984195709234
80.6913528442386,7.97063112258923
80.6918487548829,7.97129011154186
80.6923141479495,7.97189092636108
80.6928634643558,7.97254991531372
80.6932830810546,7.97313594818115
80.6938476562503,7.97396993637091
80.694236755371,7.97456884384155
80.694648742676,7.97528696060175
80.6950988769532,7.97609186172491
80.6954269409181,7.97671890258789
80.6957473754886,7.97733402252209
80.6961059570315,7.97794914245611
80.6965560913088,7.97857618331909
80.6971054077148,7.97927999496483
80.6976699829101,7.98002576828009
80.6982498168945,7.98083209991466
80.6987533569337,7.9815502166748
80.6991729736331,7.98216295242321
80.6995773315429,7.98277902603149
80.7001266479495,7.98349380493175
80.7006607055665,7.98421478271484
80.7010650634768,7.98481416702271
80.7014541625979,7.98535585403437
80.701843261719,7.98592615127563
80.7023925781251,7.98674678802496
80.7028121948245,7.98734617233299
80.7033767700198,7.98812103271507
80.703712463379,7.98867702484137
80.704086303711,7.98934984207159
80.704460144043,7.98996305465698
80.7049636840822,7.99062395095825
80.7054138183594,7.99122285842907
80.7058792114257,7.99182176589972
80.7065658569337,7.99209117889399
80.7072219848633,7.99181795120251
80.707931518555,7.99144411087048
80.7085571289062,7.99117279052757
80.7093505859377,7.99091482162498
80.7102279663089,7.99084901809704
80.7108688354494,7.99095582962036
80.7115859985354,7.99110412597656
80.7122879028321,7.99128484725946
80.7130126953126,7.99153518676752
80.7137451171877,7.99186277389526
80.7143707275391,7.9922461509704
80.7149810791017,7.99264478683483
80.7154617309572,7.99309587478638
80.7158355712892,7.9936838150025
80.7162551879883,7.99438381195091
80.7166595458985,7.9952340126037
80.7170639038087,7.99574518203747
80.7177734375001,7.99623012542725
80.7183990478516,7.99672889709478
80.7190704345705,7.99731683731073
80.7190475463867,7.99901294708246
80.7198638916016,7.9991021156311
80.7208709716797,7.99913215637201
80.721778869629,7.99929285049438
80.7226028442384,7.99951219558727
80.7234268188476,8.00011444091803
80.7240905761719,8.00058555603027
80.7247467041018,8.00108528137207
80.7253646850588,8.00158596038818
80.7262039184571,8.0020103454591
80.7269821166993,8.00223255157482
80.7278747558594,8.00247955322277
80.7288284301758,8.00271415710449
80.7297515869142,8.00287628173839
80.7305755615235,8.00296497344982
80.7315063476563,8.00299453735346
80.7323684692386,8.0029811859132
80.7333526611328,8.00299739837652
80.734230041504,8.00314521789551
80.7351379394532,8.00351047515869
80.7358779907228,8.00391960144049
80.7365722656253,8.00436210632319
80.7372894287111,8.00477504730219
80.738250732422,8.00537204742443
80.7390823364258,8.00560665130615
80.7400512695314,8.00597095489525
80.7410354614258,8.00608825683605
80.7420120239258,8.00605773925787
80.743019104004,8.00605773925787
80.7439117431641,8.00604438781738
80.7446670532227,8.00639724731457
80.7454299926758,8.00699901580811
80.7461166381835,8.00760078430181
80.7468414306643,8.00823020935059
80.7476654052734,8.00900459289562
80.7483062744141,8.00957870483421
80.7489700317386,8.01025390625006
80.7496490478516,8.01080989837652
80.7504348754883,8.01129531860374
80.7511978149415,8.01163482666027
80.7520751953127,8.01191139221186
80.7530288696291,8.01216125488287
80.7538681030274,8.01216125488287
80.7546844482425,8.01219272613531
80.7561111450196,8.01235103607189
80.757034301758,8.011064529419
80.7574615478516,8.01037502288818
80.7580642700196,8.00953578948969
80.7586669921878,8.00874042510981
80.7592010498047,8.00807285308832
80.7597885131837,8.00735473632818
80.7604827880861,8.00675964355469
80.7611923217773,8.00632667541515
</coordinates>
</LinearRing>
</outerBoundaryIs>
</Polygon>