<Polygon>
<outerBoundaryIs>
<LinearRing>
<coordinates>
80.9373703002931,8.34282970428478
80.9389495849609,8.34214591979992
80.940841674805,8.34253597259533
80.9415283203126,8.34084701538086
80.9423217773438,8.33937168121332
80.9433059692386,8.33778381347668
80.9441986083985,8.33617877960216
80.9449920654297,8.33476352691662
80.9459228515626,8.33338069915783
80.9467163085939,8.33172988891624
80.9474487304688,8.33006668090832
80.9483413696291,8.32871055603033
80.9492797851564,8.32716464996332
80.9500885009766,8.32551670074463
80.9508743286133,8.32408809661865
80.9520492553712,8.32289218902594
80.9535446166993,8.323561668396
80.9553222656253,8.32445144653326
80.9570312500003,8.32458114624023
80.9590148925783,8.32458114624023
80.9606857299808,8.32418632507336
80.9623260498047,8.32369041442871
80.9638977050784,8.32287120819092
80.965202331543,8.32186603546154
80.9649505615236,8.32017517089849
80.9660797119142,8.31894874572765
80.9673538208011,8.31794166564964
80.9685516357424,8.31750583648682
80.9689941406251,8.3173446655274
80.9703445434571,8.3164396286013
80.9719085693362,8.31578254699707
80.973701477051,8.31528568267834
80.9752502441408,8.31472969055181
80.9769363403322,8.31404685974127
80.9785919189456,8.31334495544445
80.9801330566409,8.31248474121094
80.9813079833984,8.31112670898432
80.981803894043,8.30950736999523
80.9820938110353,8.30769920349121
80.9824447631835,8.30596542358404
80.9826812744142,8.30409812927252
80.9829254150391,8.30237674713129
80.9833068847657,8.30058383941656
80.983612060547,8.29896640777588
80.9839630126953,8.29696655273449
80.9842910766603,8.2952032089234
80.9845962524416,8.29361438751226
80.9848556518555,8.29189586639416
80.9850921630862,8.29024600982672
80.9854278564454,8.28837871551519
80.985649108887,8.28664493560814
80.9857635498047,8.28485107421875
80.9861297607422,8.28292465209967
80.9864654541016,8.2811040878297
80.9867172241212,8.27936744689941
80.9869613647462,8.27773475646984
80.9873275756837,8.27613067626976
80.9879150390626,8.2745857238769
80.9888229370118,8.27309703826904
80.9904937744142,8.27284908294683
80.9921951293947,8.27312469482433
80.993896484375,8.2734317779541
80.9955749511722,8.27287578582764
80.9971923828125,8.27258491516125
80.9989929199222,8.27268314361572
81.0005493164065,8.27329635620117
81.0022659301761,8.27405166625977
81.0039749145511,8.27501392364502
81.0055618286135,8.27545166015619
81.007308959961,8.27552223205566
81.009002685547,8.27588462829613
81.0106201171876,8.27671432495117
81.0121612548831,8.27728366851812
81.0138473510743,8.27798366546637
81.0156326293945,8.27875423431402
81.017349243164,8.27901554107689
81.0189437866212,8.27867889404308
81.020721435547,8.27818202972418
81.0223922729493,8.27749633789074
81.024238586426,8.27697181701672
81.0259780883791,8.27686691284191
81.0277099609375,8.27721595764154
81.0293807983398,8.27762126922602
81.0312118530275,8.27797222137463
81.0328140258789,8.27836418151878
81.0345535278322,8.27878570556646
81.0362548828127,8.27890205383312
81.0380172729493,8.27847766876221
81.0396728515625,8.27766036987305
81.0412368774416,8.27678489685059
81.042823791504,8.27616977691656
81.0445632934571,8.27622890472412
81.0461654663086,8.27578926086449
81.0472030639649,8.27441883087153
81.0484619140627,8.27304744720482
81.0500564575196,8.27224540710455
81.0518341064456,8.27246379852289
81.0535354614259,8.27270984649653
81.055305480957,8.27295589447016
81.0569610595704,8.27251625061035
81.0584716796876,8.27191734313976
81.0603179931642,8.27137660980236
81.0621948242189,8.2710418701173
81.0638046264649,8.27079105377203
81.0655822753909,8.27067184448248
81.0673370361328,8.27071571350109
81.0690231323245,8.27103519439709
81.0706100463869,8.27148628234858
81.072364807129,8.27168941497808
81.0741119384766,8.27171611785883
81.0759735107422,8.27165699005133
81.0776443481447,8.2715682983399
81.0792694091797,8.27053070068359
81.0807342529297,8.26955318450928
81.0819244384766,8.26835727691656
81.0830764770508,8.26686763763428
81.0843200683595,8.26576137542725
81.0857009887696,8.2647533416748
81.0871200561526,8.26388072967524
81.0886154174805,8.26305961608887
81.0900650024416,8.26224231719971
81.0915451049804,8.26142597198498
81.0931167602541,8.26079654693598
81.0949935913086,8.26070785522461
81.096794128418,8.26073455810558
81.0984344482424,8.26036834716808
81.0999145507815,8.25942039489746
81.1013488769532,8.25829887390137
81.1026840209962,8.25733280181896
81.1040344238282,8.25642776489269
81.1056442260745,8.25601768493652
81.1072845458985,8.25619316101074
81.1083374023438,8.2575044631958
81.1092910766602,8.25894641876232
81.110763549805,8.25986480712891
81.1125030517581,8.25999164581299
81.1141586303712,8.25988960266113
81.1156997680665,8.25927734375
81.116508483887,8.25902843475365
81.1169128417968,8.2583990097047
81.1185150146485,8.25895309448237
81.1198348999023,8.25993824005121
81.1213302612306,8.26072216033941
81.1227035522462,8.26194286346447
81.12410736084,8.26304626464838
81.1257629394532,8.26291179656994
81.1273956298828,8.26267719268805
81.1289978027344,8.26232624053978
81.1307601928712,8.26208019256615
81.1324234008789,8.2620782852174
81.1338043212891,8.26099300384521
81.1347045898439,8.25960731506353
81.1364364624024,8.25930213928223
81.1375656127931,8.26057624816906
81.1393585205079,8.26085376739513
81.1409378051757,8.26026821136497
81.1420898437499,8.25884437561041
81.1433868408206,8.25767040252691
81.1446533203126,8.25655269622797
81.1457443237306,8.25509929656994
81.1468963623049,8.2539339065554
81.1480102539062,8.252760887146
81.1493072509768,8.25159835815435
81.1503982543946,8.25030422210693
81.1514892578127,8.24902534484863
81.1524658203126,8.24766921997082
81.1535720825197,8.24631786346447
81.1548309326175,8.24492263793951
81.1560058593749,8.24365997314453
81.1571273803714,8.24239540100103
81.1580276489258,8.24093627929682
81.1589965820313,8.23952293396007
81.1603469848634,8.23839282989502
81.1616973876956,8.23746776580816
81.1632537841796,8.2364444732666
81.1647338867189,8.23555088043219
81.1661834716797,8.23464202880854
81.1677627563477,8.23401165008545
81.1696777343751,8.234130859375
81.1712112426759,8.23469638824463
81.1727142333985,8.23534965515131
81.1740188598633,8.23430633544922
81.1753387451172,8.23319244384771
81.176414489746,8.23196983337402
81.1773223876954,8.23057079315186
81.178810119629,8.22976398468029
81.1807174682618,8.22973918914789
81.1821746826174,8.22949981689453
81.1837997436525,8.22855186462402
81.1852951049805,8.22769927978521
81.186912536621,8.22736167907715
81.1885986328128,8.22769737243664
81.1902694702149,8.22841262817394
81.1918563842776,8.22922611236595
81.1934204101564,8.23008632659912
81.1948471069337,8.23101329803472
81.1961898803712,8.23195362091064
81.1978302001955,8.23224639892584
81.1994323730469,8.23135280609142
81.2007675170899,8.2303409576416
81.2021255493167,8.22939968109137
81.2034378051758,8.22837162017817
81.2044448852542,8.22691535949707
81.2046585083008,8.2251672744751
81.2041778564454,8.22346878051752
81.2037048339844,8.22181224823004
81.2043457031251,8.22017574310303
81.2050323486328,8.21868133544922
81.2057189941407,8.21714687347418
81.206184387207,8.21559333801281
81.2060623168946,8.21395778656017
81.2057876586913,8.21204185485851
81.2056427001955,8.21017265319819
81.2054214477539,8.20848846435558
81.205017089844,8.20686340332037
81.2044525146484,8.20502853393555
81.2039794921876,8.20344734191895
81.2035522460939,8.20183563232416
81.2028884887698,8.20024490356445
81.2019424438479,8.19877243041998
81.2014999389649,8.19713211059582
81.2021865844727,8.1954517364502
81.2031784057619,8.19390678405773
81.2041397094727,8.19246387481689
81.2045059204103,8.19080734252941
81.2044601440429,8.1890697479248
81.2042846679688,8.187331199646
81.2041397094727,8.18562030792242
81.2044982910158,8.18394947052008
81.2057266235352,8.18274593353271
81.2073669433595,8.18244934082037
81.2089309692383,8.18301677703852
81.2105636596679,8.18332195281988
81.2121200561525,8.18253135681152
81.2132949829102,8.18129634857183
81.2134170532226,8.1794891357423
81.2125930786133,8.17785453796409
81.2118377685548,8.17616558074951
81.2109298706058,8.1745023727417
81.2103576660159,8.17282867431635
81.2102355957033,8.17111968994135
81.2099914550781,8.16930770874018
81.209442138672,8.16763496398931
81.2087860107423,8.16601657867432
81.2079162597658,8.16435527801514
81.2069244384768,8.1629810333252
81.2055206298829,8.16201019287109
81.2040100097657,8.16116714477539
81.2023773193359,8.1607751846314
81.2005310058594,8.16084289550781
81.1988525390626,8.16105079650873
81.1973266601563,8.16014766693121
81.1967391967774,8.15859127044683
81.1960906982424,8.15706443786644
81.1945648193361,8.15627956390381
81.1929473876954,8.1557559967041
81.1920623779296,8.15425395965576
81.1919021606447,8.1524858474732
81.1929931640628,8.15120506286632
81.1947631835939,8.15111827850353
81.1964035034183,8.15114784240717
81.1980361938477,8.15079402923607
81.1997756958008,8.1501808166505
81.2014694213867,8.14996337890625
81.2031326293945,8.15036964416498
81.2048187255862,8.15026569366449
81.2061309814456,8.14915084838867
81.2079772949219,8.14883232116705
81.2097778320315,8.14914035797125
81.2113647460939,8.14996910095215
81.212455749512,8.15124130249023
81.2131652832032,8.15269660949707
81.214813232422,8.15308856964123
81.2164688110351,8.15338134765619
81.2173919677737,8.15474033355707
81.2189559936523,8.15520477294945
81.2202072143555,8.154130935669
81.2219696044925,8.15388488769537
81.2235717773439,8.15433216094971
81.2251663208008,8.15479660034191
81.2266921997071,8.1554069519043
81.227752685547,8.15670871734619
81.2291183471681,8.15760898590082
81.2301483154298,8.15631198883057
81.2314910888673,8.15525531768799
81.2326278686525,8.15654468536371
81.2326889038085,8.15820789337164
81.2331161499025,8.15979003906256
81.2342071533203,8.16100502014172
81.2337875366214,8.16257286071783
81.2330017089844,8.1640043258667
81.2339248657227,8.16568374633783
81.2348556518555,8.16702556610107
81.235534667969,8.16855621337913
81.2339477539063,8.16909790039068
81.2340316772461,8.17079162597656
81.2343139648438,8.17247581481934
81.2345199584962,8.17408275604248
81.2357330322265,8.17538642883301
81.2366180419922,8.17684459686285
81.236869812012,8.17852878570568
81.2384414672853,8.17902374267584
81.2398071289062,8.17802333831787
81.2414321899417,8.1781959533692
81.2428512573244,8.17906475067139
81.243049621582,8.18073272705084
81.2423629760743,8.1822557449342
81.2410812377929,8.18334293365473
81.2396621704102,8.18446922302246
81.2388534545898,8.18614768981928
81.2386779785157,8.18783664703392
81.2380218505859,8.18938732147222
81.2373123168947,8.1909065246582
81.2371368408203,8.19259643554693
81.2375793457032,8.19426727294922
81.2383117675782,8.19588470458996
81.2398147583008,8.19668483734131
81.2414474487308,8.19625854492199
81.2430877685547,8.19643402099621
81.2441024780276,8.19781970977783
81.2447967529297,8.19936275482178
81.2447967529297,8.20101261138922
81.2462539672853,8.20179462432861
81.2473602294925,8.20308494567882
81.248733520508,8.20411491394043
81.2494583129886,8.20565795898438
81.2495193481447,8.20727825164795
81.2500915527345,8.20898056030268
81.2514114379885,8.20997905731201
81.2517471313479,8.21166324615484
81.2512283325197,8.2132453918457
81.2521438598632,8.21461677551281
81.2520828247071,8.21635055541998
81.2513427734378,8.21787166595459
81.2506942749024,8.21949672698986
81.2501449584962,8.22105979919434
81.2497787475587,8.22271919250488
81.2497634887696,8.22443962097179
81.2503128051758,8.22612667083763
81.2519683837891,8.22630023956305
81.2532119750977,8.22519874572754
81.2547073364258,8.22441959381104
81.2563858032228,8.22506237030035
81.2577896118165,8.22603321075439
81.2579650878907,8.22766971588135
81.2575759887696,8.22928333282471
81.2574615478518,8.23095798492437
81.2586593627931,8.23211574554455
81.2602462768555,8.23174858093262
81.2617111206056,8.23085594177252
81.2633743286136,8.2312479019165
81.263999938965,8.23277473449701
81.264701843262,8.23436260223389
81.2660827636719,8.23534774780273
81.2674026489257,8.23430633544922
81.2690048217774,8.2347993850708
81.2698822021484,8.23620033264154
81.2701187133791,8.23786640167236
81.269302368164,8.23926830291759
81.2676391601564,8.23953342437767
81.2659912109376,8.23938941955572
81.2657546997071,8.24101924896246
81.2668075561526,8.24227714538574
81.2684860229493,8.24250888824463
81.2697372436525,8.24143600463867
81.2710418701172,8.24045085906982
81.2725524902343,8.24123477935797
81.2734146118165,8.24262142181391
81.2730178833008,8.24426174163824
81.2724609375001,8.24588680267334
81.2733764648438,8.24739074707043
81.2749786376954,8.24807167053223
81.2766647338868,8.2489767074585
81.2782745361328,8.24941253662115
81.2799835205078,8.24974822998047
81.2805557250976,8.25133419036871
81.2803421020511,8.25300693511963
81.2805938720705,8.25467491149902
81.2811660766603,8.25630474090576
81.2823638916016,8.2574033737182
81.2840805053712,8.25725746154785
81.2859191894531,8.25714302063
81.2872924804689,8.25817108154303
81.2870025634768,8.25980091094971
81.2880783081055,8.26105880737299
81.2896194458008,8.26001739501953
81.2912826538088,8.25975513458252
81.2928924560547,8.25886154174827
81.294044494629,8.25751018524193
81.2956390380859,8.25714302063
81.2968444824219,8.25602436065697
81.2982330322266,8.25504207611084
81.2998886108398,8.2546319961549
81.3015518188477,8.25404644012457
81.3032684326172,8.25369453430181
81.3048858642579,8.25343132019054
81.3066635131839,8.25324153900152
81.3083953857425,8.25305175781273
81.3099746704103,8.25265598297119
81.3114089965821,8.25161361694359
81.3120117187503,8.24994564056402
81.3125839233401,8.24826431274408
81.3131637573245,8.2465934753418
81.3134231567385,8.24493598938
81.3136291503907,8.24318790435802
81.3139190673831,8.24144172668463
81.3140945434573,8.23975086212158
81.3140182495118,8.23808765411383
81.3139801025392,8.23625087738043
81.3139877319338,8.23448371887201
81.3139266967776,8.23280715942394
81.3138885498048,8.23092365264904
81.3138961791995,8.22921657562267
81.3138427734376,8.22750759124767
81.3137359619143,8.22561168670654
81.3136062622072,8.22395896911621
81.3134765625001,8.22194385528576
81.3134155273439,8.22010517120361
81.3134155273439,8.21830940246582
81.3133850097656,8.21667671203619
81.3133697509765,8.21486759185791
81.3133087158204,8.21311473846447
81.313102722168,8.21121692657476
81.3129119873047,8.2095937728883
81.3127975463867,8.20769309997553
81.3128051757812,8.20603179931635
81.3128356933595,8.20422172546398
81.3128662109376,8.20257377624512
81.3128509521486,8.20073699951172
81.3127899169921,8.19892501831055
81.3126754760743,8.19682216644298
81.312484741211,8.19503688812279
81.3122787475588,8.19321060180664
81.3122253417968,8.19131469726574
81.3122558593752,8.18957805633551
81.3122406005859,8.18778514862055
81.3121490478516,8.18589973449707
81.31217956543,8.18403339385986
81.3121871948245,8.18196392059332
81.3122024536136,8.18009471893316
81.312126159668,8.1782693862915
81.312026977539,8.17650318145758
81.3118515014648,8.17454528808588
81.3116607666016,8.17277717590338
81.3114547729492,8.17080307006847
81.3113098144533,8.16889095306402
81.3112411499026,8.16700553894049
81.3111419677734,8.16494846344017
81.3111267089845,8.16308116912847
81.3111419677734,8.16125774383556
81.3111419677734,8.1594762802124
81.3110122680665,8.15756320953381
81.3108215332032,8.15570831298828
81.310646057129,8.15373420715338
81.3104553222657,8.15180873870861
81.3102798461917,8.15013790130615
81.3101501464845,8.14822578430187
81.3100738525392,8.14637279510509
81.3100204467774,8.14449024200451
81.309944152832,8.14282703399653
81.3098526000977,8.14097118377708
81.3097991943361,8.13917541503929
81.3096618652344,8.13735008239746
81.3095779418947,8.13555431365967
81.3095474243163,8.13369941711449
81.3095169067386,8.13197803497314
81.3094711303712,8.13029956817627
81.3093643188476,8.12857532501221
81.3093338012698,8.12694072723383
81.3093490600589,8.12516117095959
81.3093032836915,8.12332153320318
81.3092041015627,8.12162590026867
81.309066772461,8.11987590789789
81.3090057373049,8.11817073822044
81.3089599609378,8.11654758453381
81.3089141845704,8.11478233337414
81.3087310791017,8.1128377914431
81.3085632324222,8.11121463775646
81.3083267211915,8.10933017730724
81.3082580566408,8.10753440856945
81.3082427978517,8.10578441619873
81.3082580566408,8.10388755798351
81.3082427978517,8.10204792022705
81.3082427978517,8.10032653808605
81.3081665039064,8.09870529174816
81.3079452514649,8.0969066619873
81.3077545166016,8.09505367279053
81.3084793090821,8.09276294708275
81.3084106445312,8.09245109558117
81.3083419799805,8.09208393096918
81.3082885742188,8.09169578552257
81.3081741333011,8.09126091003441
81.3080978393555,8.09091472625732
81.308074951172,8.09057140350342
81.3080215454101,8.09020423889183
81.3079757690431,8.089768409729
81.3079299926758,8.08940124511741
81.3078994750977,8.08901214599632
81.3078765869142,8.08864688873297
81.3078918457033,8.08827781677257
81.3078918457033,8.08793354034424
81.3079376220704,8.08756446838385
81.3079528808594,8.08722019195551
81.3080444335938,8.08676242828375
81.308059692383,8.08641624450684
81.308059692383,8.08607387542725
81.3080368041992,8.08568191528343
81.308074951172,8.08529376983648
81.3081665039064,8.08494567871094
81.3082580566408,8.08453273773193
81.3082275390625,8.08418941497803
81.3081588745118,8.08384513854986
81.3081054687501,8.08347988128668
81.3081283569337,8.08308792114252
81.3081512451172,8.08272075653076
81.3081665039064,8.08233070373535
81.3081665039064,8.08196163177496
81.3081588745118,8.08152675628668
81.3081359863282,8.08115959167486
81.3080825805666,8.08081626892101
81.3080368041992,8.08033466339117
81.3079833984378,8.07985401153576
81.3080062866214,8.07941627502436
81.3080062866214,8.07902717590343
81.3080215454101,8.07861423492443
81.3080444335938,8.07819938659668
81.3081054687501,8.07783222198486
81.3081741333011,8.0774879455567
81.3082199096679,8.07714176177979
81.3082809448242,8.07672882080078
81.3082809448242,8.0763368606568
81.3082504272463,8.0759038925172
81.3082275390625,8.07555770874029
81.3082046508792,8.07514476776129
81.3082199096679,8.07475566864019
81.3082199096679,8.07436561584478
81.3082580566408,8.0739736557008
81.3083038330079,8.0736074447633
81.3082962036133,8.0731716156007
81.3082733154299,8.07275676727306
81.3082962036133,8.07238960266113
81.3082885742188,8.07197666168213
81.3082885742188,8.07163333892822
81.3083038330079,8.07128906250006
81.3083038330079,8.07085418701172
81.3082809448242,8.07050991058355
81.3082046508792,8.0701198577882
81.3081130981446,8.06970691680914
81.3080368041992,8.0693626403808
81.3079452514649,8.06899642944336
81.3078689575197,8.06860637664795
81.3078231811526,8.06824016571045
81.307800292969,8.06789779663086
81.3077697753907,8.06755065917963
81.3077468872071,8.06718444824219
81.307716369629,8.06677246093761
81.3077392578126,8.06638240814203
81.307731628418,8.06601524353027
81.307685852051,8.06562519073486
81.307685852051,8.0652809143067
81.3076553344727,8.06493663787853
81.3076095581058,8.06449890136713
81.3075790405274,8.06408882141119
81.3076248168948,8.06367397308361
81.3076248168948,8.06332969665527
81.3076171875003,8.06294059753418
81.3076171875003,8.06257438659668
81.3076095581058,8.06220436096203
81.3075408935547,8.06176853179954
81.3075103759767,8.06135654449469
81.3074645996094,8.06096744537354
81.3074188232425,8.06057739257818
81.3073883056641,8.06013870239263
81.3073425292969,8.05977535247803
81.3072891235353,8.05929374694819
81.3072433471683,8.05892467498785
81.3072357177737,8.05858135223394
81.3071899414063,8.05817031860352
81.3071823120118,8.05780124664318
81.3071594238282,8.05731964111328
81.3071517944337,8.05692958831793
81.3071517944337,8.05651569366478
81.3071517944337,8.05614852905285
81.3071670532227,8.05578231811535
81.3071899414063,8.05541515350336
81.3072280883792,8.0550708770752
81.3072738647461,8.05465602874779
81.3072967529299,8.05431175231945
81.3073120117189,8.05396842956537
81.3072891235353,8.05355453491211
81.3072814941406,8.05304908752453
81.3073043823244,8.05263710021995
81.3073272705078,8.05229473114019
81.3073196411135,8.05190277099604
81.3073425292969,8.05155944824219
81.3073806762696,8.05121231079113
81.307426452637,8.05077743530296
81.3074493408203,8.05031585693365
81.3074417114261,8.04983615875238
81.3074188232425,8.0494213104248
81.3073883056641,8.04903125762939
81.3073883056641,8.04861831665039
81.3073348999024,8.04818344116205
81.3073120117189,8.04783916473389
81.3072814941406,8.04749488830572
81.3072357177737,8.04712772369396
81.3072357177737,8.04676055908197
81.3072052001954,8.04637145996088
81.3072052001954,8.0459127426148
81.3071975708008,8.0454301834107
81.3071517944337,8.04504013061529
81.307098388672,8.04467296600347
81.3070755004882,8.04430389404297
81.3070907592773,8.04391670227062
81.3070907592773,8.04357242584229
81.3070907592773,8.04320335388189
81.3070831298828,8.0428609848023
81.3070831298828,8.04249382019054
81.3070602416995,8.04212474822998
81.307052612305,8.0417814254763
81.3070297241214,8.04143714904797
81.3069763183594,8.04104709625256
81.3069763183594,8.04067993164062
81.3069915771485,8.04024505615246
81.3069915771485,8.03990077972412
81.3070373535159,8.03953170776373
81.3070297241214,8.03918743133556
81.3069381713869,8.03877544403088
81.3068618774417,8.03838539123547
81.3068389892581,8.03790378570562
81.3068161010743,8.03753662109381
81.3068313598634,8.03714847564703
81.3068313598634,8.03677845001215
81.3068008422852,8.03631973266613
81.3067779541016,8.03593063354504
81.3067474365236,8.03549289703381
81.3067016601562,8.03508281707769
81.3066711425784,8.03464698791504
81.306625366211,8.03425788879395
81.3065719604493,8.03384494781494
81.3065261840822,8.03347778320312
81.3064804077151,8.03310871124279
81.3064498901368,8.03274440765387
81.306381225586,8.0323286056518
81.3063735961914,8.03198528289795
81.3063735961914,8.03164291381836
81.3063735961914,8.03129673004162
81.3063430786135,8.03092956542963
81.3063201904297,8.03054046630854
81.3062896728518,8.03019618988037
81.3062896728518,8.02980613708496
81.3062896728518,8.0294618606568
81.306350708008,8.02909469604504
81.3064651489261,8.02877235412603
81.3065795898438,8.02835655212414
81.3066635131839,8.02799034118664
81.3067779541016,8.02762317657465
81.3068923950195,8.02727699279791
81.306999206543,8.02692985534668
81.3071136474611,8.02660942077642
81.3072509765628,8.02619361877453
81.3073348999024,8.02582740783686
81.3074722290039,8.02545833587652
81.3076095581058,8.02513694763195
81.3077468872071,8.02478790283214
81.3078994750977,8.02444362640381
81.308059692383,8.02412223815941
81.3082427978517,8.02373027801525
81.3083724975589,8.02338600158691
81.3084869384766,8.02306270599377
81.3086471557619,8.02269268035894
81.3088073730469,8.02237224578869
81.3089599609378,8.02207279205328
81.3091430664065,8.02174663543707
81.3093261718753,8.02144908905041
81.3095321655276,8.02108001708984
81.3097076416018,8.02075576782227
81.3099365234374,8.02040958404552
81.3101196289062,8.02006530761713
81.3103027343753,8.01976680755621
81.3105010986328,8.01941776275658
81.3107070922852,8.01907157897949
81.3108901977538,8.01872539520269
81.3110733032226,8.0184268951416
81.3113021850588,8.01810264587397
81.3115234375,8.01777935028082
81.3117294311524,8.01745796203613
81.3120040893558,8.01708889007591
81.3122100830081,8.01674175262451
81.3124313354492,8.01637268066412
81.312614440918,8.01602745056152
81.3127975463867,8.01570320129406
81.3129806518554,8.01535892486572
81.3131332397464,8.01501274108898
81.3132934570313,8.01471233367926
81.3134307861328,8.01438999176025
81.3135604858398,8.01406669616711
81.3136978149415,8.01369762420654
81.3138122558594,8.01330757141113
81.3139495849609,8.01298427581781
81.3141250610351,8.01261711120605
81.3142852783206,8.01224803924566
81.3144454956055,8.01185607910151
81.3145751953125,8.01151180267334
81.3147125244141,8.01118755340576
81.3148498535159,8.01082134246826
81.3150100708008,8.01045227050787
81.3151855468751,8.01003742218029
81.3154373168948,8.00962162017822
81.3155975341798,8.00929927825939
81.3157501220704,8.00899982452398
81.315887451172,8.00862884521484
81.3160018920901,8.00828456878668
81.3160858154299,8.00789546966553
81.3161544799805,8.00750255584728
81.3162231445312,8.00708961486828
81.3163070678712,8.00667572021496
81.3163986206058,8.00619220733648
81.316505432129,8.00584793090815
81.3166198730469,8.00538825988781
81.3167114257813,8.00504398345947
81.3168182373047,8.00471973419184
81.3169326782228,8.00432968139643
81.3170700073243,8.00387001037609
81.317222595215,8.00345516204834
81.3173828125,8.00311088562017
81.3175430297854,8.0027647018432
81.3177642822266,8.00237274169922
81.3179702758791,8.0020494461059
81.318130493164,8.00172519683849
81.3182449340821,8.00138092041016
81.3183288574218,8.00098896026617
81.3184661865236,8.00059890747076
81.3185806274414,8.00020694732677
81.3186874389651,7.99983978271479
81.3188018798829,7.99942302703863
81.3189163208008,7.9991021156311
81.3190460205081,7.99871206283575
81.3192291259767,7.99832010269176
81.3194122314454,7.99787998199469
81.319564819336,7.99741983413691
81.3197021484377,7.9970068931579
81.3198623657227,7.9966611862182
81.3200378417968,7.99631500244163
81.320266723633,7.99592304229748
81.3204498291017,7.99562406539911
81.3206558227541,7.99525499343878
81.3208312988283,7.99490785598755
81.3209915161132,7.99460792541504
81.3211517333987,7.9943089485169
81.3213119506837,7.99400806427013
81.3214874267579,7.99364089965815
81.3216705322266,7.99324893951416
81.3218536376954,7.992832183838
81.3220062255861,7.99248790740967
81.3221664428713,7.99214076995861
81.3223495483398,7.99179697036766
81.3225097656253,7.99145078659058
81.3226852416995,7.99112987518305
81.3228225708008,7.99071216583275
81.3229598999025,7.99036788940441
81.3230895996093,7.99004507064814
81.3232498168948,7.98967790603638
81.3234100341797,7.98937702178978
81.3236160278321,7.98905277252197
81.3237915039063,7.98870897293091
81.3239974975587,7.98838520050049
81.3242034912112,7.98803901672375
81.3243408203126,7.98769283294683
81.3245391845704,7.98725700378418
81.324676513672,7.98691082000744
81.3247909545901,7.98656415939325
81.3249664306643,7.98617219924927
81.3251266479493,7.98587417602539
81.325309753418,7.98550510406506
81.3254699707032,7.985182762146
81.3255996704103,7.98485994338995
81.3257141113282,7.98453617095953
81.3258285522461,7.98421478271484
81.3259353637698,7.9838480949403
81.3260726928712,7.98352384567283
81.3262100219727,7.98320293426519
81.3263244628909,7.98285579681396
81.3264770507814,7.98255777359009
81.3266601562501,7.98214292526245
81.3268203735352,7.98179578781122
81.3269729614258,7.9814271926881
81.3271560668947,7.98108291625977
81.3273391723635,7.98071384429937
81.3275222778322,7.98041486740124
81.32772064209,7.98004579544067
81.3279495239258,7.97967481613171
81.3281784057618,7.97932815551752
81.3283386230469,7.97903013229364
81.3285598754883,7.97866010665916
81.3287887573245,7.97817707061779
81.3289489746095,7.97783088684082
81.3291473388673,7.97736978530895
81.3293991088867,7.97693109512329
81.3295593261722,7.9766321182251
81.3297119140626,7.97630786895746
81.3298721313477,7.97598695755016
81.3300094604494,7.97564077377325
81.3301467895507,7.97524881362926
81.3303222656253,7.97485685348511
81.3304595947266,7.97442102432262
81.3305740356447,7.97407484054571
81.3307266235351,7.97370576858532
81.3308639526368,7.97333621978771
81.3310241699219,7.97296905517578
81.3311538696291,7.97262477874762
81.3312911987304,7.97225618362427
81.3314285278321,7.97193479537975
81.3315582275391,7.97149705886852
81.3317184448244,7.97108221054071
81.3319015502931,7.97071313858038
81.3320312500003,7.97038888931274
81.332214355469,7.96999979019165
81.3323974609378,7.96965312957764
81.3325805664064,7.9692840576173
81.3327560424805,7.96898317337036
81.3330078124999,7.96861410140997
81.3332138061523,7.96826791763306
81.333396911621,7.9678978919984
81.3335723876956,7.96753120422363
81.3337326049808,7.96718502044689
81.3338928222657,7.96686077117931
81.3339996337892,7.96673393249517
81.3340225219728,7.96647214889526
81.334182739258,7.96614980697638
81.3343200683597,7.96582412719727
81.3345031738284,7.96550321578974
81.3346786499025,7.96517896652233
81.334884643555,7.96490383148188
81.3350448608399,7.96460294723511
81.3352737426761,7.96430206298834
81.3355026245117,7.96393489837658
81.335792541504,7.96356296539312
81.3360443115237,7.96321678161621
81.3362503051757,7.96291780471802
81.3364791870119,7.96254682540888
81.3367233276368,7.9621319770813
81.3369293212891,7.96169519424438
81.3372497558595,7.96121120452887
81.3374938964844,7.96081686019909
81.3376998901368,7.9604930877685
81.3379287719729,7.9601721763612
81.3381576538085,7.95982599258429
81.3383560180663,7.95947885513306
81.3386535644532,7.95908689498907
81.3389282226562,7.95869302749628
81.3391571044924,7.95834589004522
81.3393554687502,7.95807123184204
81.3396072387696,7.95769882202171
81.3398132324219,7.95740079879783
81.3399734497071,7.95705413818365
81.3400573730472,7.95668697357189
81.3400573730472,7.95634317398077
81.3400115966798,7.95599889755243
81.339958190918,7.95563220977789
81.3398895263672,7.95528793334972
81.3398361206058,7.95492076873779
81.3397903442383,7.95450782775879
81.3397674560547,7.95416688919073
81.3398056030274,7.95382022857672
81.3398742675781,7.95338296890259
81.3398895263672,7.95303821563715
81.339912414551,7.95267105102539
81.339912414551,7.9523267745974
81.3398590087893,7.95193815231335
81.3397903442383,7.95159578323359
81.3397140502931,7.9512038230896
81.3396453857425,7.950767993927
81.3395919799805,7.95042419433605
81.3395690917969,7.95007991790771
81.3395233154299,7.9496898651123
81.3394699096683,7.94923210144054
81.3394241333008,7.94888782501221
81.3393936157227,7.94854402542109
81.3393707275391,7.94820022583019
81.3392715454104,7.94783496856701
81.3392028808594,7.94739723205578
81.3391723632814,7.94698476791382
81.3391265869141,7.94657182693481
81.3390808105472,7.94622802734386
81.3390274047852,7.94581604003918
81.3389587402345,7.94545078277599
81.33895111084,7.9451050758363
81.3389739990236,7.9447607994079
81.3390655517579,7.94436883926392
81.3391494750978,7.94397878646856
81.3392639160159,7.94363212585472
81.3393707275391,7.94319677352917
81.3394622802737,7.94285106658947
81.3395996093751,7.94250583648682
81.3397140502931,7.94216012954712
81.3398208618165,7.94181585311895
81.3399353027345,7.94149494171148
81.3399353027345,7.94112777709967
81.33992767334,7.94075822830206
81.33992767334,7.94041395187372
81.3399200439455,7.94007015228283
81.3399429321289,7.93972587585449
81.3399658203126,7.93938207626354
81.3400039672852,7.93899011611938
81.3399200439455,7.9374561309815
81.3397598266602,7.93747615814209
81.338577270508,7.93776798248297
81.3373947143554,7.93805789947504
81.3361358642579,7.93804216384893
81.3349380493164,7.93805313110374
81.3335952758789,7.93766117095959
81.3324584960938,7.93725109100347
81.3314208984376,7.93659687042248
81.3304977416995,7.93580818176264
81.3292922973633,7.93528413772589
81.328079223633,7.93515205383306
81.3268356323243,7.9353981018067
81.3255386352542,7.93551397323631
81.3242645263674,7.93574380874639
81.3232727050784,7.93650102615356
81.3220443725587,7.93748807907104
81.3210067749023,7.93830108642578
81.3199691772462,7.93901491165155
81.3189392089845,7.93969583511353
81.3177413940433,7.94023418426514
81.3164596557619,7.94039392471336
81.3150100708008,7.94010019302374
81.3140029907227,7.93945884704596
81.3128356933595,7.93854093551641
81.3117294311524,7.93785715103161
81.310417175293,7.93741893768311
81.3091583251956,7.93734407424927
81.3078613281252,7.93745994567871
81.3067092895508,7.93779277801514
81.3055953979494,7.93834495544445
81.3047180175782,7.93917179107677
81.3037185668946,7.94032096862793
81.3027725219727,7.94138288497925
81.3018188476563,7.9424290657044
81.3009719848632,7.94330215454102
81.299919128418,7.94437503814697
81.2989959716797,7.94533491134655
81.2980499267579,7.94607782363892
81.2968063354494,7.94633817672752
81.295593261719,7.94633483886724
81.2943649291993,7.94610118865978
81.293182373047,7.94583892822277
81.2917938232425,7.94603919982916
81.2905578613282,7.9464168548584
81.2892074584961,7.94660377502447
81.2879562377933,7.94634199142456
81.2868728637695,7.94574499130249
81.2858276367188,7.94508886337292
81.2848434448243,7.94415378570568
81.2839889526367,7.94325208663952
81.2829360961915,7.94220304489147
81.2817077636718,7.94149017333984
81.2802505493165,7.9412260055542
81.278923034668,7.94107723236078
81.2777099609375,7.94055318832403
81.2768020629885,7.93970823287975
81.2761764526367,7.93865919113171
81.2756423950197,7.93751096725464
81.2746505737304,7.9368109703064
81.2734375000001,7.93694114685064
81.2722702026368,7.93661880493158
81.2708969116211,7.93670415878307
81.2695236206056,7.93712520599365
81.2683105468753,7.93728494644176
81.2670059204104,7.9370779991151
81.2657394409181,7.93754291534435
81.2647323608398,7.93838596344
81.2638931274415,7.93940496444696
81.2627410888672,7.94001293182367
81.261657714844,7.93932676315319
81.2604446411133,7.93897819519043
81.259132385254,7.93903303146374
81.2579956054689,7.93863916397095
81.2567291259766,7.93764686584478
81.2555694580078,7.93706607818615
81.2543716430665,7.93694782257086
81.2529754638672,7.93633508682251
81.2522430419922,7.93519687652582
81.2513580322268,7.93397617340111
81.2502365112304,7.93308687210077
81.2490539550784,7.93222522735607
81.2481155395511,7.93114995956427
81.2475814819336,7.92976617813122
81.2472457885742,7.92858600616466
81.2462997436524,7.92782878875732
81.2450103759766,7.92769718170172
81.2439498901367,7.9268941879273
81.2431030273438,7.925934791565
81.2422256469726,7.92501592636131
81.241195678711,7.92431402206432
81.2400131225587,7.92374706268316
81.2389450073245,7.92281484603888
81.2381896972659,7.92182588577282
81.2375411987305,7.92104196548485
81.2374114990237,7.92089080810547
81.2367858886719,7.91978597640997
81.2366180419922,7.9185910224914
81.2369537353516,7.91735601425171
81.237129211426,7.91604614257818
81.237159729004,7.91466188430786
81.2371368408203,7.91328096389771
81.2370376586917,7.91165208816528
81.2371063232424,7.91037082672131
81.237159729004,7.90890121459972
81.2372741699219,7.90760612487799
81.2376098632815,7.90641403198248
81.237861633301,7.90522193908697
81.2382431030275,7.90405702590954
81.2383804321292,7.90258693695068
81.2381210327149,7.90127897262573
81.2376937866213,7.90015792846691
81.237243652344,7.89867210388195
81.2367477416994,7.89749383926397
81.2361831665039,7.8962130546571
81.2358627319337,7.89494514465343
81.235794067383,7.89350509643549
81.2358551025391,7.89228296279907
81.2361297607422,7.89106178283697
81.2365875244141,7.88993978500366
81.2369232177736,7.88867616653442
81.2365493774416,7.88742399215704
81.2356185913087,7.88621616363525
81.2346954345704,7.88541412353516
81.2337493896485,7.88468503952026
81.2328033447266,7.8836522102356
81.232307434082,7.88237094879145
81.2319107055667,7.88113212585461
81.2312469482422,7.87982082366955
81.2302856445313,7.87840986251842
81.2294235229495,7.8772749900819
81.2288589477542,7.87609481811535
81.2284927368163,7.87487077713013
81.2284393310548,7.87431478500366
81.2283782958985,7.87363290786737
81.2282638549808,7.87229490280151
81.2285156250002,7.870768070221
81.2285766601563,7.8694171905517
81.2280654907229,7.86833906173706
81.2277603149416,7.86707210540766
81.2277297973632,7.86584997177124
81.2279510498049,7.86465787887573
81.2285232543947,7.86359596252447
81.2295074462891,7.86261987686169
81.2306442260744,7.86223077774059
81.2314376831055,7.8613009452821
81.2315521240234,7.85987377166759
81.2317428588867,7.85858011245728
81.2317199707034,7.85702276229853
81.2317962646484,7.85581493377708
81.23210144043,7.8544340133667
81.2326736450198,7.85327100753784
81.2330245971683,7.85210704803467
81.2327194213869,7.85089921951317
81.2324905395507,7.84972095489502
81.2322845458987,7.84833717346197
81.2323913574219,7.84714508056646
81.2326736450198,7.84596681594849
81.2327880859376,7.84472894668573
81.2326583862308,7.84353685379023
81.2323532104494,7.84234285354614
81.2320404052735,7.8416428565979
81.2314910888673,7.84110498428339
81.2307510375979,7.84022617340082
81.2298812866213,7.83919286727928
81.2291717529297,7.83717823028587
81.2289733886719,7.83510684967041
81.2284317016603,7.8330512046814
81.2272415161133,7.83131217956549
81.2267608642581,7.82928609848022
81.2268829345704,7.8271408081057
81.2260284423828,7.82524490356445
81.2248764038086,7.82350778579712
81.2250976562502,7.82139492034935
81.2257308959962,7.81940984725964
81.2260589599611,7.81731081008905
81.2264099121094,7.81524181365978
81.2264328002931,7.81314277648937
81.2263336181642,7.81104087829596
81.2269973754885,7.80904483795189
81.2277755737306,7.80710792541504
81.2273712158205,7.80501985549949
81.228614807129,7.80333089828486
81.2294769287111,7.80137777328503
81.2291793823243,7.79929208755493
81.2293319702149,7.7971639633181
81.2298736572267,7.7951221466065
81.2298889160156,7.79301977157598
81.2286682128909,7.7912988662722
81.2284393310548,7.78916788101196
81.2283096313477,7.78708314895636
81.2274551391602,7.7851300239563
81.2269897460939,7.78308486938477
81.2269363403323,7.78098583221436
81.2273635864258,7.77891683578486
81.2282485961915,7.77696418762207
81.2289352416992,7.77496719360374
81.229789733887,7.77295494079601
81.230598449707,7.77097415924067
81.2308959960938,7.77044486999534
81.2316360473633,7.76913690567022
81.2329940795899,7.76754903793341
81.2348098754885,7.76638412475609
81.2356872558595,7.76438713073742
81.236267089844,7.76230382919317
81.2373886108399,7.76049709320068
81.2373123168947,7.75841188430786
81.2358779907228,7.75680685043335
81.2359466552734,7.75469207763683
81.236328125,7.7526359558106
81.2367248535158,7.750551223755
81.2370529174808,7.74842214584351
81.2376251220706,7.74633693695063
81.2386932373047,7.74454498291038
81.2397689819338,7.74265098571789
81.2407760620118,7.74078512191772
81.2412338256839,7.73917818069458
81.2413635253907,7.73873090744024
81.2408599853518,7.73668718338024
81.239372253418,7.73518276214622
81.2378997802734,7.73367786407482
81.2375106811525,7.73157882690424
81.2369918823243,7.72955083847057
81.2359390258789,7.7276978492738
81.2345123291016,7.72609090805054
81.2338180541995,7.72412204742432
81.2337188720704,7.7219638824464
81.2339553833008,7.71982097625755
81.2346801757813,7.71780586242676
81.2364196777344,7.71642494201672
81.238204956055,7.71523284912121
81.2394027709963,7.71343994140631
81.2396087646486,7.71136999130255
81.2387695312503,7.70939922332775
81.2378997802734,7.70739984512323
81.2379455566407,7.70530080795288
81.2380828857424,7.70314311981201
81.2382431030275,7.70101404190069
81.2393035888673,7.69916296005255
81.2399902343752,7.69716405868542
81.2403488159181,7.6950678825379
81.2397537231445,7.69305276870728
81.2382659912111,7.69150495529169
81.2367935180665,7.69003105163569
81.2365493774416,7.68785619735718
81.2373123168947,7.6858301162722
81.2381820678714,7.68390703201288
81.238868713379,7.68186712265026
81.2393569946288,7.67978096008312
81.2382965087891,7.67795801162725
81.236267089844,7.6774730682373
81.2341918945315,7.67706203460705
81.2320022583008,7.67692804336548
81.2298431396484,7.67653083801275
81.2278442382813,7.67566776275635
81.2258682250978,7.674716949463
81.2241287231447,7.67354822158819
81.222625732422,7.6720871925354
81.2218170166015,7.67008781433111
81.2212371826171,7.66808891296398
81.220916748047,7.66600179672236
81.2204437255862,7.6639318466186
81.2199630737306,7.66183090209961
81.2196502685547,7.65975904464744
81.2198867797854,7.65766000747686
81.2209548950196,7.65577983856213
81.2208328247073,7.65365123748785
81.2200164794922,7.65168190002447
81.2190704345704,7.64981317520136
81.2178955078126,7.64809179306036
81.2157897949219,7.64799880981457
81.2139511108401,7.64696216583252
81.2119674682618,7.64793682098394
81.2103424072268,7.64942121505737
81.2088241577151,7.65111017227184
81.2074432373047,7.65269804000849
81.206008911133,7.65427112579351
81.2044906616213,7.6556978225708
81.2028045654297,7.65712404251099
81.2012176513671,7.65850782394403
81.1995620727539,7.65977478027344
81.1978836059571,7.66114282608038
81.1958770751953,7.66192722320557
81.1938629150391,7.66288614273071
81.1917877197266,7.66371297836298
81.1898117065431,7.66462993621826
81.1877670288087,7.66548681259167
81.1858367919922,7.66638898849487
81.1838226318362,7.66727304458618
81.1818237304688,7.66805982589722
81.1798171997073,7.66871213912958
81.1777343750003,7.66935014724743
81.1757736206055,7.67013597488415
81.1738433837891,7.67113876342773
81.1718444824218,7.67192316055292
81.1698684692383,7.67270708084106
81.1678848266603,7.67341804504395
81.1659088134768,7.67417478561407
81.1639404296876,7.67485618591314
81.1619644165041,7.67561101913464
81.1599960327151,7.67640781402588
81.1579589843752,7.67729711532604
81.1559295654297,7.6782112121582
81.1539306640625,7.67904090881359
81.1518859863282,7.6796488761903
81.1498260498047,7.67896080017101
81.1487045288087,7.67712211608887
81.1471023559572,7.67577695846552
81.1450729370118,7.67626905441284
81.1430282592776,7.67706918716436
81.1410369873047,7.67782402038569
81.1390380859374,7.67888307571411
81.1371078491214,7.67995882034313
81.1352691650392,7.68110990524286
81.1332778930667,7.68227195739746
81.131332397461,7.68326377868658
81.129379272461,7.684250831604
81.1274642944336,7.6852240562439
81.1255187988283,7.68605089187622
81.1233825683597,7.68689489364624
81.1213684082032,7.68783807754522
81.119499206543,7.68878412246704
81.1176071166993,7.68993282318115
81.1159133911136,7.69121122360224
81.1154174804689,7.69160604476929
81.1132888793945,7.69411277770996
81.1105728149417,7.69772481918335
81.1087951660157,7.70250177383423
81.1077880859377,7.70388603210455
81.1069488525393,7.70518016815197
81.1062469482422,7.70651578903198
81.1054458618167,7.70786523818975
81.1046981811523,7.7093300819397
81.1040725708009,7.71083879470825
81.103225708008,7.71223592758184
81.1023101806641,7.71364688873297
81.1015548706055,7.71493721008295
81.1008682250979,7.71634578704845
81.1000823974612,7.7177238464356
81.09920501709,7.71912193298346
81.0984191894531,7.72058916091919
81.0975723266602,7.72188186645508
81.0967102050781,7.72327613830578
81.0956878662111,7.72445678710938
81.0943527221681,7.72518587112421
81.0928344726565,7.7255687713623
81.0912475585938,7.72571992874157
81.0896148681643,7.72605895996099
81.0879211425781,7.72640085220337
81.0864486694338,7.72678184509283
81.0849533081055,7.72721004486095
81.0833282470706,7.7275500297547
81.0817260742188,7.72768688201916
81.0800323486329,7.72798299789423
81.0783615112308,7.72858476638794
81.0767440795899,7.72910022735607
81.0751113891604,7.72932481765747
81.0733718872071,7.72934579849266
81.0718078613282,7.7295241355896
81.0703887939453,7.73009777069097
81.0687408447266,7.73078584671021
81.0673141479492,7.73020505905157
81.0660629272462,7.72937488555908
81.0646820068361,7.72842979431152
81.0633850097657,7.72765684127802
81.0619583129886,7.7265830039978
81.0605850219728,7.72551918029808
81.0594177246094,7.72458696365356
81.0581512451175,7.72369813919067
81.0565948486331,7.72274112701416
81.0551223754883,7.72204303741466
81.0536193847658,7.72127485275269
81.0522079467776,7.720458984375
81.0506820678714,7.71948623657232
81.0492706298829,7.7188482284547
81.0477447509766,7.71878004074091
81.0460739135743,7.71903276443481
81.0442428588867,7.71911478042614
81.0427551269533,7.71921682357782
81.0418014526369,7.71939277648931
81.0403060913087,7.71939277648931
81.0385513305666,7.71969079971319
81.0370178222658,7.71986913681025
81.0352401733401,7.72018098831188
81.0335083007814,7.7206850051881
81.0319061279297,7.72115516662603
81.0302276611329,7.72153997421276
81.028747558594,7.72192287445063
81.0273056030275,7.72236204147339
81.0256729125977,7.72289085388184
81.0240249633788,7.72305822372442
81.0224685668948,7.72279977798462
81.0209045410157,7.72233676910395
81.0194931030275,7.72179985046409
81.0180664062503,7.72108793258673
81.016700744629,7.72044801712036
81.0151748657227,7.71960687637323
81.0137634277345,7.71897983551025
81.0122909545899,7.71843099594128
81.0107727050782,7.71825981140131
81.0092391967774,7.71827793121344
81.0077056884766,7.71848583221458
81.00594329834,7.71881198883062
81.0040283203127,7.71906900405889
81.0024871826172,7.71931982040405
81.0009384155273,7.7196159362793
80.9993515014649,7.72002601623547
80.9979095458984,7.72049617767357
80.9964675903321,7.7211270332337
80.9948196411136,7.72143697738653
80.993103027344,7.72167587280273
80.9915695190433,7.72172212600719
80.989974975586,7.72167015075695
80.989128112793,7.72169494628918
80.9884033203127,7.72138023376465
80.9868392944336,7.72087621688843
80.9852523803712,7.72023820877098
80.9840545654297,7.71921682357782
80.9832229614258,7.71794605255133
80.9817810058594,7.7168397903443
80.9802627563477,7.7160987854005
80.9785842895511,7.71613407135015
80.9768676757815,7.71673488616955
80.9753799438476,7.71713399887085
80.9737777709962,7.71726894378668
80.972007751465,7.71721792221092
80.9704208374023,7.71675586700439
80.9690093994141,7.71599912643444
80.9675064086915,7.71616315841675
80.9659805297853,7.71648693084711
80.9643554687502,7.71662378311157
80.9627304077149,7.71608781814587
80.9612274169925,7.71544981002802
80.9597473144531,7.71488523483276
80.9581527709962,7.71462678909307
80.9566345214845,7.71484804153454
80.9551467895511,7.7148227691651
80.9534149169925,7.71441984176641
80.9519042968753,7.71367883682262
80.9502716064453,7.71310186386114
80.9487533569337,7.71276712417608
80.9472045898439,7.7130641937257
80.9457015991212,7.71337413787853
80.9440689086917,7.71337795257568
80.9425811767578,7.71362876892096
80.9411087036135,7.71319389343267
80.9400634765628,7.71209716796881
80.9391098022464,7.71075487136852
80.9376907348633,7.71011400222784
80.9359893798829,7.70997285842896
80.9342346191408,7.70981979370112
80.9326629638671,7.70903587341314
80.9310531616212,7.70896816253662
80.9293746948245,7.7087831497193
80.9278640747073,7.70827484130859
80.9264068603517,7.70861482620239
80.9250259399413,7.70956277847301
80.9236297607422,7.70893812179571
80.921989440918,7.70830202102667
80.9204864501955,7.70890378952038
80.9191970825196,7.70967483520508
80.9180068969728,7.71068000793468
80.9167785644532,7.71189022064215
80.9152069091797,7.71231603622437
80.91374206543,7.71207189559937
80.911964416504,7.71251678466803
80.9107513427736,7.71351909637457
80.9095764160156,7.71457004547119
80.9080810546877,7.71534490585327
80.9065093994143,7.71587419509893
80.9048156738281,7.71602392196667
80.9032821655273,7.71585321426392
80.9017181396487,7.715738773346
80.8999633789063,7.71548223495478
80.898277282715,7.7155752182008
80.8967361450196,7.71572303771973
80.8950805664062,7.71565723419195
80.8934707641602,7.7151951789856
80.8918533325195,7.71480512619019
80.8900985717776,7.71447420120251
80.8884201049805,7.71436309814453
80.8868255615236,7.71442413330084
80.8853378295901,7.71492290496838
80.8835906982423,7.71510601043713
80.883598327637,7.71351480484032
80.8835678100587,7.71196985244762
80.8832550048828,7.71019601821899
80.8826675415042,7.70870113372814
80.8822174072266,7.70726299285894
80.8821411132814,7.70570421218872
80.88232421875,7.70417308807379
80.8822784423831,7.70264101028454
80.8821182250976,7.70108413696289
80.8820800781253,7.69952583312988
80.8819503784181,7.69795083999645
80.881530761719,7.69624996185308
80.8808212280275,7.69490289688116
80.8800735473635,7.69336700439453
80.8794403076171,7.69199085235596
80.8790893554689,7.6903448104859
80.8787460327148,7.68881988525391
80.8784942626953,7.6873087882995
80.8782196044922,7.68585300445562
80.8780517578126,7.68420696258556
80.877754211426,7.6824622154237
80.8777236938476,7.68096017837536
80.8769378662112,7.67967176437372
80.8758087158206,7.68073415756226
80.8747406005859,7.68178176879877
80.8735656738283,7.6827440261842
80.8723220825196,7.68370580673218
80.8713684082032,7.68494081497187
80.8709030151369,7.68669414520275
80.870964050293,7.68818187713629
80.8702774047854,7.68950176239036
80.8687515258792,7.68966579437267
80.8672561645508,7.6897091865539
80.8655166625976,7.68935108184837
80.8637542724611,7.6888041496278
80.8624877929688,7.68803215026861
80.8608779907227,7.68778800964355
80.8595046997071,7.68867921829246
80.8582534790042,7.68949508666998
80.8567657470703,7.68987607955927
80.8555068969727,7.6909260749818
80.8548278808597,7.69240617752081
80.8534317016602,7.69299077987665
80.8526458740235,7.69464778900141
80.8538513183597,7.69556713104248
80.8549041748047,7.69689321517939
80.8546752929689,7.69847297668468
80.8541793823243,7.69994878768944
80.8530654907228,7.70108413696289
80.8517990112305,7.70022487640381
80.8506774902345,7.6991748809815
80.8490676879884,7.69879817962658
80.8483657836914,7.69743585586559
80.8471832275393,7.6961522102356
80.8470153808593,7.69459581375122
80.8463897705079,7.69317579269421
80.8449478149416,7.69244718551641
80.8434219360353,7.69223213195795
80.8419036865236,7.69229221344
80.8411636352541,7.69093084335327
80.8406143188477,7.68943595886242
80.8402786254883,7.68771982192993
80.8405075073245,7.68611478805542
80.8399810791016,7.68464708328258
80.8388824462891,7.68360996246349
80.8381271362305,7.6822772026062
80.8368759155276,7.6812858581543
80.8353424072268,7.68174123764061
80.8341827392579,7.68080711364752
80.8328399658204,7.68002080917353
80.8311920166015,7.68009805679321
80.8296127319337,7.6803188323974
80.8280181884766,7.6800479888916
80.8267822265628,7.67909812927252
80.8253326416017,7.67870807647716
80.8238906860353,7.67904520034801
80.8224334716797,7.6794261932373
80.8208694458011,7.67985200881958
80.819953918457,7.67866706848156
80.8189163208008,7.6773681640625
80.8177642822266,7.67635822296148
80.8165130615234,7.67555809020996
80.8148269653322,7.67486286163353
80.8132858276369,7.67422485351574
80.8119735717775,7.6732931137085
80.8107223510743,7.67230081558233
80.809280395508,7.67172002792381
80.8080368041993,7.6726388931275
80.8073501586913,7.67400121688848
80.8068847656251,7.67542123794567
80.8064880371094,7.67694187164301
80.8059234619141,7.67836093902594
80.8047943115235,7.67962884902954
80.8032608032227,7.67967414855957
80.8016891479492,7.67976522445679
80.8001937866212,7.67990016937267
80.7983016967774,7.67999315261864
80.7965469360352,7.67999982833868
80.7947463989261,7.68000507354759
80.7930679321291,7.67993879318237
80.7912750244142,7.6798090934754
80.7895431518555,7.67975902557379
80.7877044677734,7.67973613739014
80.7860794067383,7.67969512939476
80.7844543457031,7.67962598800671
80.7829055786136,7.67927980422974
80.7816925048829,7.67836093902594
80.7802963256838,7.67748594284052
80.7788162231446,7.67794179916388
80.7778778076172,7.67930698394775
80.7768554687502,7.68055915832531
80.7758712768554,7.6817069053651
80.7748336791993,7.68286991119379
80.7738113403322,7.68400478363037
80.7722625732422,7.6842989921571
80.7707672119142,7.68380594253551
80.7701721191406,7.6853861808778
80.7696304321291,7.68690776824945
80.7690963745118,7.68845987319946
80.768539428711,7.68986415863031
80.7678527832034,7.69133186340332
80.7666854858401,7.69242382049572
80.7653884887695,7.69316720962536
80.7637023925783,7.69378423690796
80.7620925903321,7.69451618194586
80.7610473632814,7.69562101364136
80.7625732421877,7.69598388671886
80.7641143798828,7.69554185867304
80.7656326293947,7.69517517089849
80.7668609619142,7.69419908523554
80.7678985595705,7.69287681579601
80.7685317993165,7.69148492813133
80.7698364257812,7.69049310684204
80.7712173461915,7.69127702713018
80.7723388671876,7.69254922866827
80.773002624512,7.69402790069574
80.7733688354495,7.69571495056164
80.7739105224611,7.69715118408197
80.7743225097659,7.69857501983654
80.7744827270509,7.70016098022461
80.7744903564454,7.70192480087292
80.7743759155275,7.70354604721081
80.7741928100588,7.70531177520752
80.7740020751955,7.70683002471924
80.7737579345706,7.70839118957531
80.7728652954103,7.70964002609253
80.7718811035156,7.71080493926996
80.7712554931643,7.71225500106806
80.7703704833986,7.71367883682262
80.7696838378907,7.71499919891357
80.7690734863281,7.71676921844505
80.7687072753907,7.71828985214239
80.7683563232422,7.71973705291748
80.7677230834963,7.72143507003796
80.7670898437503,7.72279977798462
80.7663345336913,7.7243800163269
80.7657852172852,7.72612094879162
80.7653656005862,7.72762680053711
80.7648696899416,7.72927999496471
80.7644348144531,7.73078584671021
80.7641143798828,7.73250913620001
80.7638244628909,7.73400020599365
80.7636260986331,7.73547697067255
80.7634658813479,7.73719692230225
80.7632369995118,7.73867177963251
80.7629623413088,7.74029207229614
80.7628936767581,7.74195623397839
80.7629852294922,7.74361515045189
80.7631759643555,7.74531984329246
80.763153076172,7.74690914154047
80.7630081176758,7.74848413467407
80.7628021240235,7.75004720687872
80.763038635254,7.75156021118175
80.7633666992188,7.75310087203985
80.7633819580079,7.75480794906622
80.7633819580079,7.75630998611456
80.7634811401367,7.75828790664684
80.7635955810547,7.75986289978027
80.7637329101562,7.76140594482433
80.7638092041017,7.76321411132818
80.7638168334964,7.76478576660162
80.7638320922854,7.76627492904674
80.7638320922854,7.76789283752447
80.7637939453126,7.76952505111706
80.7637939453126,7.77105617523199
80.763885498047,7.77254199981695
80.7640304565433,7.77405595779425
80.7638320922854,7.77588081359886
80.7636032104493,7.77739906311058
80.7638092041017,7.7789421081543
80.7649078369141,7.78054714202887
80.7655105590821,7.78214406967157
80.7657623291015,7.78380298614513
80.7658691406251,7.78530311584467
80.7658843994141,7.78681898117077
80.7656250000002,7.7882800102235
80.7645721435548,7.7895898818972
80.7631149291992,7.79024696350109
80.7616424560547,7.79068613052368
80.7611770629886,7.79217910766613
80.7619705200195,7.79346704483032
80.7629776000977,7.79466581344604
80.7640609741211,7.79612684249901
80.7647018432618,7.7978978157044
80.7659835815431,7.79875707626366
80.7668228149415,7.80008792877203
80.767433166504,7.80147981643671
80.7681579589844,7.8019042015078
80.7687988281253,7.8022828102113
80.7703399658203,7.80226421356213
80.7718963623049,7.80211591720592
80.7734451293947,7.80199480056763
80.7749557495119,7.80205202102655
80.7764282226565,7.80217981338512
80.7778854370118,7.80284976959229
80.7792282104493,7.80388307571434
80.7800903320312,7.80537509918213
80.7816390991213,7.80563497543335
80.7830810546878,7.80487394332897
80.7844467163089,7.80407190322887
80.7849884033206,7.80259323120117
80.7846298217776,7.80115413665777
80.7856750488282,7.80006313323986
80.7871856689455,7.80063009262096
80.788627624512,7.80140113830566
80.789978027344,7.80218696594244
80.7913360595703,7.80295991897594
80.792724609375,7.80352687835705
80.7943878173828,7.80397415161138
80.7956085205079,7.80486297607433
80.7958297729493,7.80652189254783
80.7956237792969,7.80799579620384
80.7954254150391,7.8095297813415
80.7950744628907,7.81097793579102
80.7947692871094,7.81262779235851
80.794303894043,7.8141770362854
80.7939758300784,7.815830230713
80.7934646606447,7.81726312637323
80.7940368652345,7.81866979598993
80.7955551147463,7.81869697570795
80.7970504760742,7.81876802444464
80.7983551025393,7.81948280334473
80.7996368408204,7.82041501998901
80.8011322021485,7.8209080696106
80.8023605346683,7.82195615768438
80.8030471801758,7.82333517074596
80.8032989501956,7.82506704330439
80.8033752441408,7.82661199569708
80.8040924072268,7.82797479629517
80.8049545288087,7.82930421829235
80.805435180664,7.83072614669811
80.805763244629,7.83241510391241
80.8055801391603,7.83404922485352
80.8061065673829,7.83850717544567
80.8061904907229,7.83935117721563
80.8062896728516,7.84034013748169
80.8064193725588,7.84115314483648
80.8065872192382,7.84195280075073
80.806869506836,7.84289503097546
80.8071441650393,7.84388113021856
80.8073654174805,7.84485483169556
80.8075103759768,7.84577083587646
80.8076553344727,7.84675979614269
80.8078384399415,7.84769010543823
80.8081893920899,7.84864521026617
80.8084793090823,7.84947204589849
80.8091201782228,7.8502202033996
80.809928894043,7.85071897506714
80.8106384277345,7.85115909576416
80.8110427856446,7.851953983307
80.8111114501954,7.85276985168463
80.8111495971683,7.85356998443598
80.8112411499024,7.8543701171875
80.8113098144534,7.85538911819464
80.8113250732425,7.85632085800171
80.8112792968751,7.85737180709839
80.811164855957,7.85829019546532
80.8109436035159,7.85919713974005
80.8106079101562,7.86017990112305
80.8101959228518,7.86101579666143
80.8098526000978,7.86179304122936
80.8099212646485,7.86265182495117
80.8105621337893,7.86322402954102
80.8110656738282,7.86403417587292
80.8112869262696,7.86491823196434
80.8112869262696,7.86582279205322
80.8114624023438,7.86688184738165
80.8116836547853,7.86795806884788
80.8118286132813,7.86893081665039
80.811866760254,7.87003898620617
80.8118362426758,7.87094402313244
80.8117218017581,7.87196493148815
80.81169128418,7.87297010421759
80.8117599487306,7.87377214431768
80.8118057250977,7.874659061432
80.8118896484378,7.87567806243896
80.8120651245118,7.87663698196405
80.8124008178712,7.87757778167725
80.8126907348632,7.87838983535772
80.8130874633789,7.87953615188599
80.813316345215,7.88033390045166
80.8134765625002,7.88129281997681
80.8135223388672,7.88228321075434
80.8135299682618,7.88308477401739
80.8135070800783,7.88416290283226
80.8134460449218,7.88500785827637
80.8134002685548,7.88594293594355
80.8134002685548,7.88686084747309
80.8135986328128,7.88771581649775
80.8139038085938,7.88857316970825
80.8142089843749,7.88955783844
80.8145141601563,7.89047193527222
80.8148651123047,7.89153099060064
80.8152465820313,7.89279222488403
80.8155441284179,7.89377880096458
80.8157119750979,7.89472198486339
80.8159179687503,7.89582681655884
80.8161239624023,7.89693117141729
80.8164215087891,7.89793300628673
80.8166809082034,7.89873123168951
80.8169403076174,7.8995561599732
80.8173294067383,7.90059995651256
80.8176574707031,7.90173292160034
80.8178863525392,7.90251398086559
80.8181304931641,7.90328311920172
80.8183593750001,7.90405321121216
80.8185348510743,7.90492391586309
80.8186950683594,7.90607213973999
80.8188247680666,7.90712118148804
80.8191070556641,7.90797519683838
80.8194122314455,7.90920782089239
80.8195495605468,7.91034317016602
80.8196945190431,7.91130304336542
80.8198165893555,7.91213178634655
80.8199386596679,7.91312217712408
80.8200073242188,7.91397905349731
80.8200225830079,7.91499996185303
80.8200073242188,7.91580200195318
80.8199157714847,7.91689586639416
80.8198013305666,7.91790294647211
80.8196716308594,7.91895389556896
80.8195343017581,7.91974210739136
80.81941986084,7.92073583602905
80.8192596435547,7.92171382904075
80.8192291259767,7.92270517349243
80.8193435668948,7.92362213134771
80.8196334838868,7.92447614669805
80.8200225830079,7.92540407180792
80.8204345703126,7.92622900009167
80.8208084106446,7.92700815200817
80.8212738037109,7.9279928207398
80.8216934204103,7.92878818511963
80.8221740722657,7.92945194244396
80.822868347168,7.93034315109253
80.8236465454102,7.93132305145269
80.8242263793946,7.93189716339111
80.8249053955078,7.93262910842918
80.8254394531253,7.9333062171936
80.8260498046875,7.93418502807617
80.8265609741212,7.93483495712275
80.8271255493165,7.93573093414318
80.8277587890624,7.93675422668451
80.8282623291016,7.93748998641979
80.8288269042969,7.93834018707281
80.8292770385742,7.9390029907226
80.8297576904297,7.93991518020641
80.8301849365236,7.94086980819708
80.8305587768556,7.94179487228394
80.8309707641604,7.94288492202759
80.8312911987305,7.94363689422602
80.8315887451172,7.94439077377325
80.8318557739258,7.94541883468628
80.8319396972659,7.94626522064209
80.8320236206055,7.94715118408214
80.8320846557618,7.94805383682257
80.8321533203125,7.94911623001093
80.8321838378908,7.95000505447388
80.8322067260742,7.95090723037725
80.8324127197266,7.95186710357666
80.8329696655273,7.95281982421881
80.8334426879886,7.95354223251343
80.834037780762,7.95423316955572
80.8347244262696,7.95486402511608
80.83544921875,7.95559597015381
80.8360748291016,7.95625591278076
80.836753845215,7.95671176910412
80.8377532958985,7.95730686187756
80.8384475708008,7.95770597457886
80.8393249511719,7.95811414718639
80.8402252197266,7.95837783813477
80.8411865234376,7.95851087570202
80.8420257568362,7.95871591567993
80.842887878418,7.95900678634649
80.8439178466798,7.95935821533214
80.8446578979493,7.95968198776268
80.8457412719728,7.96017408370977
80.846504211426,7.9605278968811
80.8474655151367,7.96091985702526
80.8484725952149,7.96116781234764
80.8492813110354,7.96124315261841
80.8502044677736,7.96138906478893
80.8513259887696,7.96144580841064
80.8522186279299,7.9615621566773
80.8530044555665,7.9619450569154
80.8533325195312,7.96271085739141
80.8531112670901,7.96356105804455
80.8525695800781,7.9642381668092
80.8518753051758,7.96468687057506
80.8511199951172,7.9651341438294
80.8503189086916,7.96568489074713
80.8495101928711,7.96619415283209
80.848747253418,7.96671485900879
80.8480834960938,7.96726512908947
80.8473281860352,7.96778678894043
80.8466491699219,7.96824884414696
80.8459854125977,7.96870994567865
80.8452148437501,7.96930503845215
80.8442916870118,7.96993112564098
80.84334564209,7.97039604187023
80.8424072265628,7.97098016738903
80.8416061401368,7.97147178649925
80.8408279418946,7.97183179855358
80.8400421142579,7.9721941947937
80.8391799926761,7.97236776351929
80.8382720947267,7.97238397598267
80.8371810913087,7.97235393524193
80.8362731933594,7.97217893600458
80.8353958129883,7.97208976745617
80.8345336914063,7.97207403182983
80.834297180176,7.97205305099499
80.8335647583008,7.97198677063
80.8325958251954,7.97178411483776
80.8316192626955,7.97166585922247
80.8307495117189,7.97156286239647
80.829902648926,7.97131490707409
80.8290786743167,7.9709911346435
80.8281173706058,7.97094821929937
80.8272094726564,7.97096109390259
80.8264083862308,7.97103214263927
80.8255920410157,7.97131919860851
80.8248672485354,7.97179794311529
80.8242340087891,7.972333908081
80.8236236572266,7.97296714782715
80.8232269287111,7.97374677658092
80.8227920532226,7.97465610504162
80.822463989258,7.97544717788708
80.8220214843753,7.97624206542969
80.8214035034181,7.97677612304688
80.8205795288087,7.97748708724976
80.8204574584962,7.97834777832031
80.8206634521487,7.97920513153082
80.8207321166994,7.98003482818598
80.820495605469,7.9808988571167
80.8198776245118,7.98154783248901
80.8191070556641,7.98189401626593
80.8182373046875,7.98220014572144
80.8174057006837,7.98257589340221
80.816520690918,7.98291110992432
80.8155899047853,7.98327302932739
80.8148040771484,7.98350381851191
80.8139572143555,7.983473777771
80.8131942749024,7.98322296142589
80.8123931884766,7.9826078414917
80.8116836547853,7.98171377182007
80.8110733032227,7.98119878768921
80.8103103637696,7.98089218139648
80.8093032836916,7.98071622848522
80.8083648681641,7.98060178756714
80.8075180053714,7.98051118850714
80.8066329956056,7.98034906387323
80.8059310913087,7.97990894317638
80.8048095703126,7.97919607162476
80.80387878418,7.97875785827648
80.8031005859376,7.97849416732794
80.8021926879882,7.97821617126476
80.8012847900392,7.97796821594238
80.800506591797,7.97767400741583
80.7996902465823,7.97710084915173
80.7990722656251,7.97657299041754
80.7986068725588,7.9758939743042
80.7984924316407,7.97503709793097
80.7985229492189,7.97414779663097
80.7987442016604,7.97332715988182
80.7991867065431,7.97225618362427
80.7994766235353,7.97137880325329
80.7996749877933,7.97054386138916
80.799789428711,7.96972799301153
80.7998657226565,7.96879577636719
80.7998809814456,7.96793508529657
80.7998657226565,7.96691417694086
80.7998428344727,7.96601104736334
80.7998275756837,7.96487617492681
80.7997817993164,7.96394395828247
80.7996520996094,7.96294116973888
80.7994003295898,7.96202516555792
80.7991333007815,7.96124315261841
80.7985382080081,7.96062612533581
80.797676086426,7.960521221161
80.7967376708985,7.96074008941662
80.7959671020508,7.96101284027122
80.7950973510745,7.9612889289856
80.7942657470704,7.96150493621832
80.7932510375977,7.96172380447393
80.7923126220705,7.96181106567383
80.7913818359377,7.9618968963623
80.7904434204102,7.96198606491095
80.7896270751953,7.96205520629888
80.7886352539065,7.96212816238415
80.7878646850589,7.96246290206915
80.7872009277344,7.9630389213562
80.7865524291992,7.96368885040295
80.7859802246093,7.96428108215332
80.785285949707,7.96485996246344
80.7844390869143,7.96519279479986
80.7834091186524,7.96557378768921
80.7823486328128,7.96615886688227
80.7814865112305,7.96672487258911
80.7804794311525,7.96713304519648
80.7796783447268,7.96736478805553
80.7788772583009,7.96750593185419
80.7784194946289,7.96823978424072
80.7784652709962,7.96914482116699
80.7784881591798,7.96994495391851
80.7784271240235,7.97079277038569
80.7782516479493,7.97169780731201
80.7780456542969,7.97263383865368
80.7777862548828,7.97368717193615
80.7776184082033,7.9746351242066
80.7775421142579,7.97548294067394
80.7775115966797,7.97640180587774
80.7775115966797,7.97721481323254
80.7775268554688,7.97810697555542
80.7775802612308,7.97897911071789
80.7776031494141,7.97977876663219
80.7776184082033,7.98068380355846
80.7776641845704,7.98171710968018
80.7778244018556,7.98277902603149
80.778129577637,7.98375177383434
80.7784729003907,7.98447179794312
80.7788848876956,7.98541307449352
80.7791290283203,7.98638677597046
80.7792434692383,7.98725986480724
80.7792129516602,7.98809099197399
80.7790527343751,7.98902606964117
80.7789077758792,7.98991680145269
80.7788696289064,7.99080610275269
80.7790451049805,7.99162006378174
80.779411315918,7.99244499206549
80.7796936035156,7.9932417869569
80.779838562012,7.99407005310053
80.7794876098636,7.99481678009028
80.7789230346679,7.99552583694458
80.7783050537111,7.99611902236944
80.7776107788086,7.99668216705322
80.7769165039063,7.99718713760376
80.7760772705078,7.99768209457392
80.7753677368164,7.99806976318371
80.7743682861328,7.99853706359875
80.7735748291018,7.99840497970575
80.7734146118164,7.99750185012823
80.7733993530273,7.99662923812872
80.7731399536133,7.99584722518932
80.7723236083985,7.99559688568127
80.772026062012,7.99634408950806
80.7719650268555,7.99730777740484
80.7719039916994,7.99825382232689
80.7718429565433,7.99908590316772
80.7716369628909,7.9998607635498
80.7711181640625,8.00049686431885
80.7703323364261,8.00079822540289
80.7694473266603,8.00107574462896
80.768608093262,8.00147914886486
80.767692565918,8.00204658508301
80.7668685913089,8.00254058837891
80.7660675048829,8.00300598144537
80.7653427124026,8.00342273712158
80.7645492553712,8.00382900238031
80.7638778686523,8.00427627563488
80.7632446289065,8.00475215911877
80.7626266479493,8.00525569915794
80.7619857788088,8.00579071044922
80.7611923217773,8.00632667541515
80.7604827880861,8.00675964355469
80.7597885131837,8.00735473632818
80.7592010498047,8.00807285308832
80.7586669921878,8.00874042510981
80.7580642700196,8.00953578948969
80.7574615478516,8.01037502288818
80.757034301758,8.011064529419
80.7561111450196,8.01235103607189
80.7559890747071,8.01357364654552
80.7561492919922,8.01476860046409
80.7561416625977,8.01605224609369
80.7555694580079,8.01716899871832
80.7548370361329,8.01812553405762
80.7537536621093,8.01876926422119
80.7525787353518,8.01931285858166
80.7512359619143,8.01952266693115
80.7500686645509,8.01984691619896
80.7493591308593,8.02089309692394
80.7497100830081,8.02209568023704
80.7502670288087,8.0232105255127
80.7508544921878,8.02448463439936
80.7515335083008,8.0256986618042
80.7521743774415,8.02685546875006
80.7527923583984,8.0279808044433
80.7533950805666,8.02910900115967
80.7539520263672,8.03019428253197
80.7546539306642,8.03139305114752
80.7552871704102,8.03247547149664
80.7559280395508,8.0335578918457
80.7567520141603,8.03464126586908
80.7578353881837,8.03557014465332
80.7588653564456,8.03619480133062
80.7597579956055,8.03718852996832
80.7604293823242,8.03829860687267
80.7604370117188,8.03955364227306
80.7599105834963,8.04074192047119
80.7594146728517,8.04188632965088
80.7590026855469,8.0433921813966
80.7594833374023,8.04458236694336
80.7602615356447,8.04548740386963
80.7612228393556,8.04643535614025
80.7623062133792,8.04730796813965
80.7633132934572,8.04813766479504
80.7642440795898,8.04895591735851
80.765121459961,8.05001831054688
80.7657928466799,8.05101585388206
80.7666549682618,8.0521240234375
80.7675170898439,8.05310153961182
80.768440246582,8.05414962768555
80.7692184448242,8.05505657196045
80.7702255249024,8.05626678466808
80.7710876464847,8.05718612670898
80.7719497680665,8.05825042724609
80.7724075317386,8.05941009521484
80.7728805541994,8.06084442138683
80.7734832763672,8.06206130981457
80.7742309570313,8.0630254745484
80.7751541137697,8.06404590606684
80.7761840820313,8.06488895416271
80.7770233154296,8.06586933136009
80.7764053344729,8.06689739227295
80.7751998901368,8.06728172302257
80.7739868164062,8.06734371185297
80.7726287841796,8.06722068786644
80.7712783813479,8.06712341308605
80.7700042724611,8.06699657440197
80.7686386108398,8.06671333312988
80.7673797607422,8.0663356781007
80.7661285400393,8.06593322753929
80.7647781372073,8.06550216674816
80.7635192871095,8.0652170181275
80.7621917724611,8.06522369384777
80.7609939575195,8.06559085845953
80.7599563598633,8.0663213729859
80.7591629028321,8.06726646423351
80.7587280273438,8.06858444213879
80.7585754394533,8.06988525390625
80.7584609985353,8.07118415832531
80.7583923339844,8.07255363464361
80.7582550048829,8.07407379150391
80.7581405639648,8.07529830932617
80.7579574584961,8.07658576965332
80.7577667236328,8.07779598236095
80.7578048706056,8.0790491104126
80.7578506469727,8.08034420013428
80.7579345703128,8.08204936981207
80.7579269409183,8.08337783813482
80.7579116821292,8.08463096618664
80.7580108642578,8.08590984344494
80.7580871582032,8.08720874786383
80.7581024169925,8.08850574493408
80.7582397460938,8.089768409729
80.7582168579102,8.09099674224865
80.7579727172853,8.09229564666748
80.7580642700196,8.0935487747193
80.758110046387,8.0947437286377
80.7584304809571,8.09596061706543
80.7575912475588,8.09636402130133
80.7572097778322,8.09802627563477
80.7569732666018,8.09977626800537
80.7566680908205,8.10153961181641
80.756561279297,8.10323143005371
80.7567443847657,8.1048793792724
80.7572860717774,8.10655593872065
80.7578659057618,8.10810184478765
80.7583923339844,8.1096630096435
80.758644104004,8.11136817932135
80.7587203979492,8.11307239532465
80.7587356567385,8.11477947235107
80.7587890625001,8.11644077301025
80.758758544922,8.11820507049561
80.7587203979492,8.11983680725109
80.7587890625001,8.12157440185547
80.7588806152347,8.12338066101069
80.7588348388672,8.12510395050049
80.7587127685546,8.1267929077149
80.7586593627931,8.12848377227795
80.7586288452149,8.12892246246344
80.7585372924805,8.13011837005615
80.7585525512697,8.13185501098638
80.7585830688477,8.13352966308605
80.7585525512697,8.13522052764893
80.7583465576172,8.13699913024902
80.7587280273438,8.13857364654541
80.760124206543,8.13956546783453
80.7610626220703,8.1410236358642
80.7610473632814,8.14265823364258
80.7607040405274,8.1442918777467
80.7609863281253,8.14590835571289
80.7604598999025,8.14746856689447
80.7596359252933,8.14894104003918
80.7593841552735,8.15054607391369
80.7598724365234,8.15214824676514
80.7604827880861,8.15365028381348
80.7612152099611,8.15510940551781
80.7620544433594,8.15668392181402
80.7628021240235,8.15831565856934
80.7633285522463,8.15986061096203
80.763885498047,8.16155433654791
80.7645111083985,8.16311264038109
80.7654266357424,8.16458797454845
80.7663192749026,8.16607379913341
80.7670822143558,8.16758918762207
80.7678527832034,8.16913700103765
80.7685317993165,8.17069625854492
80.7692184448242,8.17224121093761
80.7699203491214,8.17372894287115
80.7708892822268,8.17505359649653
80.7717666625977,8.17660140991211
80.7722625732422,8.1781759262085
80.7728805541994,8.17982387542736
80.7738494873047,8.18118000030518
80.774917602539,8.18250560760498
80.7758407592776,8.18390560150146
80.7766723632814,8.18530464172363
80.7775115966797,8.18688011169445
80.7782592773438,8.18848419189447
80.7789001464847,8.19004344940197
80.7794570922854,8.19160461425787
80.7800292968753,8.19328022003197
80.7806625366211,8.19489765167231
80.7812881469727,8.19657516479487
80.7820205688478,8.19812297821045
80.7829208374026,8.19968223571772
80.7837829589844,8.20127010345459
80.7845993041993,8.202714920044
80.7854385375978,8.20412826538109
80.7859802246093,8.20568656921392
80.78621673584,8.20736694335932
80.7864303588867,8.20916080474854
80.7867584228516,8.2108793258667
80.786918640137,8.21251296997093
80.787178039551,8.21416091918945
80.7874603271486,8.21599578857422
80.7876510620118,8.21768856048584
80.7877960205079,8.21936702728271
80.7877349853517,8.2210578918457
80.7876205444337,8.22278976440435
80.7875289916992,8.22442436218273
80.7874450683594,8.22618770599377
80.7874298095704,8.22782230377197
80.7875137329101,8.22948360443115
80.7878417968751,8.2312479019165
80.788414001465,8.23301219940186
80.7889709472657,8.23467254638672
80.7894515991213,8.23632431030273
80.7899932861328,8.23791217803978
80.7904510498047,8.2395601272583
80.7909774780275,8.24110507965099
80.7914886474612,8.24266433715826
80.7921447753908,8.24420928955078
80.7928924560549,8.24577140808111
80.7937164306641,8.24721336364746
80.794403076172,8.24878978729259
80.7941741943362,8.25054073333763
80.7937316894532,8.25215721130371
80.7939529418948,8.25377464294439
80.794563293457,8.25535202026367
80.7952880859378,8.25680828094494
80.7959442138674,8.25832366943359
80.7965469360352,8.25999927520752
80.7971343994141,8.2615470886231
80.797790527344,8.2630348205567
80.7985992431642,8.26457977294916
80.799385070801,8.26606559753412
80.8002090454102,8.26750946044922
80.8011169433594,8.26905441284174
80.8019714355472,8.27045440673839
80.8027114868165,8.27198505401611
80.8029022216798,8.27363300323498
80.8032455444337,8.2752513885498
80.8038558959962,8.27684020996094
80.8044128417969,8.27845764160168
80.8047561645508,8.27874088287354
80.8056869506838,8.27950859069847
80.8076095581055,8.27988719940197
80.809280395508,8.28007793426525
80.8110733032227,8.28028106689453
80.812713623047,8.28044128417969
80.8143539428712,8.28045654296875
80.8161849975586,8.28045368194586
80.8178253173831,8.28045654296875
80.8194961547853,8.28039741516119
80.8211669921876,8.2803249359132
80.8228836059571,8.28033828735352
80.8245544433595,8.28039741516119
80.8264312744141,8.28045368194586
80.8281326293945,8.28052711486816
80.8301696777344,8.28052711486816
80.8320159912109,8.28049755096436
80.8339920043946,8.28048229217524
80.8358306884766,8.28046798706066
80.8375701904297,8.28042507171631
80.8394012451172,8.28029346466076
80.8412780761722,8.28017425537121
80.8431091308594,8.28008747100836
80.8449020385745,8.28005790710455
80.8467330932618,8.28010272979748
80.848487854004,8.28013134002686
80.8504257202151,8.28033447265631
80.8520812988282,8.28047943115234
80.8539123535158,8.28047943115234
80.8560867309571,8.28049468994146
80.858123779297,8.28050899505621
80.8600158691408,8.28052139282227
80.8618621826175,8.28052139282227
80.86385345459,8.28050708770763
80.8658294677735,8.28047657012951
80.8676071166995,8.28057670593262
80.8693618774416,8.28067970275879
80.8710937500002,8.28088474273682
80.8729400634768,8.28095817565918
80.8745956420899,8.28081035614025
80.8764724731446,8.28060531616234
80.87809753418,8.28050231933599
80.8797302246094,8.28054618835444
80.8814239501954,8.28057670593262
80.8834228515628,8.28057289123541
80.8850784301758,8.28073692321772
80.8867645263672,8.28089427947998
80.8884506225588,8.28086471557629
80.8901519775392,8.28083515167242
80.8919830322267,8.28073501586914
80.893737792969,8.28067493438732
80.8957748413087,8.28051090240484
80.8975524902347,8.28046989440941
80.8991470336916,8.28092193603521
80.900100708008,8.28237819671637
80.9006118774413,8.28402614593506
80.9006729125978,8.28568744659418
80.9007492065431,8.28736495971674
80.900848388672,8.28899669647222
80.9008407592775,8.29077720642096
80.9008941650391,8.292468070984
80.901176452637,8.29417324066162
80.9015884399414,8.29584980010986
80.9019927978517,8.29746818542486
80.9024200439454,8.29920482635498
80.9028320312501,8.30092334747326
80.9033355712892,8.30260086059582
80.9035644531251,8.30421924591064
80.9038009643556,8.30591011047369
80.9042282104495,8.30755805969238
80.90486907959,8.3090867996217
80.9054870605469,8.31063461303705
80.9063796997072,8.31207656860374
80.9073104858398,8.31356334686285
80.9079666137696,8.31514072418207
80.9085998535159,8.3167839050293
80.9089355468751,8.31844806671154
80.9093017578126,8.32005023956299
80.9099502563479,8.32159519195568
80.9105529785156,8.32321262359619
80.9109420776369,8.32484722137457
80.9114151000977,8.32642173767096
80.9125900268558,8.32761669158936
80.9139404296878,8.32856464385998
80.9153594970705,8.32959938049322
80.9168701171877,8.33059120178234
80.9184951782228,8.33136272430431
80.9200363159183,8.33211994171148
80.9214706420898,8.33303642272949
80.9225616455078,8.33433532714855
80.9234848022464,8.33574867248547
80.9242324829104,8.33691978454613
80.9243621826172,8.33712100982666
80.9253158569337,8.33844470977789
80.9264755249024,8.33987426757824
80.9275131225585,8.3413457870484
80.9285430908204,8.34289073944092
80.9297561645511,8.34421825408936
80.931091308594,8.3452234268189
80.9327239990234,8.34535503387451
80.9342880249024,8.34487247467052
80.9359893798829,8.34396743774425
80.9373703002931,8.34282970428478
</coordinates>
</LinearRing>
</outerBoundaryIs>
</Polygon>