<Polygon>
<outerBoundaryIs>
<LinearRing>
<coordinates>
80.3936386108398,7.39512920379639
80.3942337036133,7.39324188232428
80.3949127197266,7.39139795303345
80.3964691162112,7.39019680023205
80.3981781005862,7.38919782638544
80.3994369506837,7.38766479492193
80.4013977050782,7.38761377334595
80.4034118652345,7.38772201538086
80.4053955078126,7.38746595382685
80.4069671630862,7.38712882995617
80.4072418212892,7.38665914535528
80.4081649780275,7.38493204116833
80.4099349975587,7.38399505615234
80.4115066528321,7.38282108306896
80.4114837646485,7.38084506988548
80.4104385375977,7.37918376922613
80.4110870361329,7.3773398399353
80.4128570556642,7.37644386291504
80.4145278930665,7.37539100646984
80.4160537719727,7.37408781051636
80.4170684814456,7.37240314483654
80.4175109863283,7.3704571723938
80.418327331543,7.36864280700678
80.4181137084963,7.36669683456421
80.4171905517579,7.36493206024181
80.4170913696292,7.36292505264294
80.4168701171878,7.36099004745489
80.4168624877931,7.35901403427118
80.4187240600587,7.3582501411438
80.4206771850587,7.3577189445495
80.4220809936523,7.35727882385265
80.4225463867188,7.35712909698498
80.4221496582032,7.35517978668207
80.4218978881838,7.35320377349859
80.4220046997071,7.35125494003296
80.422348022461,7.34932279586798
80.4233551025393,7.34755182266235
80.4241790771484,7.34572219848627
80.4241027832032,7.34371614456171
80.4243087768558,7.34171009063732
80.424659729004,7.33976411819458
80.4256591796878,7.33800888061529
80.4260330200198,7.33607578277599
80.4269027709962,7.33429193496715
80.4264984130861,7.33234119415295
80.4279937744141,7.33106708526611
80.4295043945312,7.32979297637945
80.430015563965,7.32951879501348
80.4312973022462,7.32635784149176
80.4321517944339,7.32607984542847
80.4328155517579,7.32559919357305
80.4332504272462,7.32489919662481
80.4337310791017,7.32421588897705
80.4344940185549,7.32384920120251
80.4352798461916,7.32345390319819
80.4359817504882,7.32303285598778
80.4366531372071,7.32247877120972
80.4371948242188,7.32186794281012
80.4377441406252,7.32129812240612
80.438316345215,7.3206582069397
80.4387359619141,7.31998777389532
80.439323425293,7.31933212280279
80.4399795532229,7.31885099411022
80.4408569335938,7.31871795654291
80.4417572021486,7.31883478164684
80.4425811767579,7.31883192062378
80.4433670043946,7.31852483749401
80.4441146850587,7.31824684143066
80.4448547363282,7.31791210174561
80.4455413818359,7.31738710403454
80.4459381103517,7.31668806076061
80.4464645385745,7.3160471916201
80.4471588134766,7.31568288803101
80.4480056762695,7.31544780731207
80.448799133301,7.31537485122681
80.4496154785157,7.3153448104859
80.4504623413089,7.3152108192445
80.4512939453127,7.31491899490362
80.4521408081056,7.31459808349609
80.4528884887696,7.31427621841431
80.4536437988282,7.31385183334362
80.4543457031252,7.31348800659174
80.4550018310548,7.3129768371582
80.4555282592774,7.31235122680664
80.455978393555,7.31153678894066
80.4563140869141,7.31075096130377
80.4567718505859,7.31009387969971
80.4570770263672,7.30932378768944
80.4572067260744,7.30850791931158
80.4570465087891,7.30772399902344
80.4570617675782,7.30690813064581
80.4575653076174,7.30620813369774
80.4583587646486,7.30587291717529
80.4591751098633,7.30552196502691
80.459846496582,7.30505514144903
80.4604873657227,7.30445814132702
80.4610443115235,7.30383300781261
80.461799621582,7.30351018905634
80.4625930786133,7.30317497253429
80.4632949829103,7.30281019210815
80.4639053344727,7.30223989486706
80.4644012451171,7.30161619186401
80.4651184082032,7.30100297927879
80.465774536133,7.30049180984508
80.4660949707034,7.30011415481567
80.4662399291993,7.29973602294928
80.4667053222656,7.29907894134521
80.4672622680663,7.29842519760143
80.4680023193362,7.29801511764532
80.4687347412111,7.29769277572626
80.4693908691408,7.29716920852673
80.4698181152344,7.29648494720482
80.4701080322268,7.29608678817749
80.4707489013674,7.29518890380865
80.4714355468753,7.29470777511602
80.4720764160158,7.2941398620606
80.4725418090821,7.29332399368298
80.4731445312503,7.29271078109753
80.4736709594727,7.29208421707165
80.4741668701174,7.29134082794201
80.4748611450198,7.29084682464594
80.4755783081055,7.29046583175665
80.4764099121097,7.29018783569347
80.4770812988282,7.28973722457886
80.4776840209962,7.28911018371588
80.4782180786133,7.2884831428529
80.4787063598632,7.28775596618664
80.4790267944337,7.28699684143072
80.4794464111331,7.28625679016136
80.4801330566407,7.28583478927612
80.4808502197267,7.28548192977928
80.4813995361328,7.28478384017944
80.4817810058594,7.28404092788708
80.4822158813477,7.28329801559448
80.4825820922853,7.28255796432501
80.4829788208008,7.28173923492426
80.4831771850587,7.28095483779907
80.4831542968752,7.28011178970337
80.4827270507812,7.27942800521851
80.4821395874023,7.27878808975231
80.4817657470703,7.27809095382713
80.4813385009768,7.27733612060541
80.481071472168,7.27657890319824
80.4808425903322,7.27576589584351
80.480667114258,7.27496576309215
80.4806518554689,7.27413606643677
80.480827331543,7.27336406707775
80.4807510375978,7.2725501060487
80.4804000854495,7.27178001403809
80.4798736572266,7.27102518081671
80.479057312012,7.27057600021362
80.4782257080079,7.270314216614
80.4774017333986,7.27018690109253
80.4766159057617,7.27012681961065
80.4759750366212,7.2696619033814
80.4763107299805,7.26889181137079
80.4769363403321,7.26832389831537
80.4776916503907,7.26787090301508
80.4784393310547,7.26746320724499
80.4790802001956,7.26699590682989
80.4798126220706,7.26654386520391
80.4801788330079,7.26584482192999
80.4798126220706,7.26513099670422
80.4793853759766,7.26434707641607
80.4795455932618,7.26356077194225
80.4802017211917,7.26312303543102
80.4810485839845,7.26300716400141
80.4818954467775,7.26322412490845
80.4827423095705,7.26344013214134
80.4835891723633,7.26332378387451
80.4844665527345,7.26313018798851
80.4851837158206,7.26278209686279
80.485794067383,7.26221179962158
80.4867019653323,7.26222515106207
80.48747253418,7.26248502731323
80.4882659912109,7.26276111602778
80.489112854004,7.26265907287609
80.48983001709,7.26232385635382
80.4904098510742,7.26175403594976
80.4910964965823,7.26130199432396
80.4915618896485,7.26063013076788
80.4919967651368,7.25986003875727
80.4925231933594,7.25924921035767
80.4933013916016,7.25870895385754
80.4941482543948,7.25841712951683
80.4949951171876,7.25823879241938
80.4958419799808,7.25821018219
80.4967117309571,7.25812101364136
80.4976043701172,7.25794315338135
80.4983978271486,7.25791311264044
80.4992141723633,7.2579407691955
80.5000000000001,7.2581138610841
80.500701904297,7.25863790512085
80.5015792846683,7.25870895385754
80.5023498535159,7.25851678848289
80.5031967163087,7.25825500488276
80.5039901733399,7.25799083709717
80.5045547485352,7.2573938369751
80.505081176758,7.25679683685308
80.5056762695313,7.25627183914179
80.5064239501955,7.2558331489563
80.5071105957034,7.2554249763491
80.5077514648439,7.25493001937878
80.5082321166995,7.25424385070806
80.5086517333984,7.25350809097301
80.5089950561526,7.25277376174927
80.5086517333984,7.25172615051275
80.5086364746097,7.25092792510998
80.5085678100587,7.25014209747326
80.5085372924805,7.24934196472174
80.5087280273438,7.24857091903681
80.5089874267579,7.2477388381958
80.5093841552737,7.24699878692627
80.5097885131839,7.2462849617005
80.5101547241214,7.24555778503424
80.5104522705079,7.24520683288586
80.5114059448243,7.24453496932995
80.5121994018555,7.24431610107433
80.512924194336,7.24380779266369
80.5136871337891,7.24338197708141
80.5145339965823,7.24320602417015
80.5153350830078,7.24306011199963
80.51611328125,7.24278211593634
80.5167922973633,7.24232912063604
80.5175247192383,7.24197816848778
80.5182113647461,7.24149703979498
80.5187683105468,7.24088621139521
80.5190734863282,7.24011278152466
80.5192642211915,7.23931312561041
80.5198287963868,7.23872995376587
80.5203247070314,7.23807287216181
80.5204696655276,7.23720312118536
80.5208358764651,7.23645782470709
80.5213623046876,7.2357168197633
80.5219573974611,7.23514890670788
80.5224685668946,7.23453617095953
80.5224380493166,7.23371982574463
80.5221023559571,7.23293590545666
80.5219116210938,7.23215198516851
80.5217361450196,7.23132276535034
80.5216751098635,7.23050880432129
80.5216751098635,7.22965002059948
80.5218200683593,7.22879123687744
80.5219802856448,7.22794723510765
80.5221252441407,7.22713088989258
80.5223007202149,7.22625780105597
80.5223617553714,7.22538614273071
80.522415161133,7.22449922561657
80.5224914550782,7.22369718551647
80.5224914550782,7.22280979156488
80.5224914550782,7.221995830536
80.5224609375001,7.22116708755493
80.5223541259768,7.22030782699585
80.5221328735352,7.21955299377453
80.5217590332032,7.21873712539667
80.5211868286134,7.21804189682013
80.5205459594727,7.21757698059088
80.5198287963868,7.21712779998774
80.518997192383,7.21663379669189
80.5182647705079,7.21628713607788
80.5174636840822,7.21595382690435
80.5167007446291,7.21572208404552
80.5159454345705,7.21541881561274
80.5151519775391,7.21508407592773
80.5143661499026,7.21467781066895
80.5136795043945,7.21420001983643
80.5130920410158,7.21363401412964
80.5125808715821,7.21296691894554
80.5124053955079,7.21215105056768
80.5124053955079,7.21133708953863
80.5124893188477,7.210521221161
80.5127258300781,7.20969104766857
80.5129470825196,7.20889377593988
80.5132522583008,7.20808887481689
80.5137634277347,7.20731878280651
80.514228820801,7.20663499832165
80.5145797729492,7.20589208602905
80.5149536132812,7.20513486862205
80.5153961181641,7.20444917678844
80.5159149169922,7.20385217666637
80.5165634155274,7.20338678359991
80.5173492431641,7.20317983627342
80.5182266235353,7.20307683944708
80.5190582275391,7.20297479629517
80.5198287963868,7.20266723632835
80.5204010009766,7.20207023620611
80.5208511352542,7.20141410827637
80.5213775634767,7.20072984695446
80.5220031738281,7.20013284683239
80.5226745605469,7.19970893859875
80.5233306884768,7.19922780990612
80.5239715576174,7.19867420196528
80.5247344970705,7.19836616516125
80.5254898071291,7.19813203811651
80.5262680053711,7.19771003723145
80.5267333984378,7.19703817367554
80.5268936157227,7.19619417190574
80.5272598266602,7.19548082351685
80.5277786254885,7.1947808265686
80.5284500122073,7.19431591033936
80.5291976928712,7.19403791427624
80.5297241210938,7.19338178634649
80.52986907959,7.19259595870972
80.5302047729492,7.19188213348394
80.5307388305667,7.19122791290295
80.5314102172853,7.19067382812506
80.5317764282228,7.18994522094727
80.531837463379,7.18905782699591
80.5320510864258,7.18825578689581
80.5324783325198,7.18752908706676
80.5330429077151,7.18694591522228
80.5335998535159,7.18632078170788
80.5342254638672,7.18578100204479
80.5349426269534,7.1854138374328
80.5357131958011,7.18520879745495
80.5360794067386,7.18449592590326
80.5365447998049,7.18373918533337
80.5373611450196,7.18347501754755
80.5381546020508,7.18303680419928
80.5387649536136,7.182366847992
80.5394210815431,7.18190002441412
80.5401382446289,7.18149185180658
80.5407943725587,7.18099689483643
80.5414505004886,7.18054389953613
80.5421676635743,7.18019294738775
80.542938232422,7.17977094650263
80.5437240600589,7.17947721481318
80.5445175170898,7.17921495437616
80.5450515747073,7.17864513397217
80.5454177856446,7.17763805389416
80.5454483032229,7.17685079574591
80.5456771850586,7.1760449409486
80.5459899902345,7.17530822753906
80.5460357666015,7.17429590225214
80.5459136962891,7.17379999160767
80.5462799072267,7.17278099060059
80.5464782714845,7.17224121093744
80.5470504760744,7.1716299057008
80.5474090576174,7.17085981369019
80.5478897094728,7.170159816742
80.5481262207034,7.16935777664185
80.5480117797852,7.16856002807617
80.547904968262,7.16770076751709
80.5473937988281,7.16701698303223
80.5466079711913,7.16669988632214
80.5457305908204,7.16665697097778
80.5449447631838,7.16678905487055
80.5441513061523,7.16666078567511
80.5433502197268,7.16631317138683
80.5425872802737,7.16586399078375
80.5417861938478,7.16561698913597
80.5408935546874,7.16575002670288
80.5401382446289,7.16608715057373
80.539291381836,7.16621923446655
80.5384140014648,7.16608905792236
80.5376281738284,7.16585683822643
80.5367355346681,7.16580200195312
80.5358886718753,7.16600704193121
80.5350570678712,7.16621017456066
80.5342559814455,7.1662278175354
80.5334091186526,7.16604089736944
80.5328216552736,7.16543102264416
80.532440185547,7.1646900177002
80.5318756103517,7.16397714614868
80.5311584472656,7.16344118118298
80.5303802490237,7.16283178329473
80.5297851562503,7.16229486465448
80.5292739868164,7.16165399551397
80.5288314819339,7.16094303131109
80.528938293457,7.1600542068482
80.5292663574219,7.15931081771873
80.529853820801,7.15869998931896
80.530570983887,7.15811681747448
80.5313415527347,7.15845012664795
80.5320587158204,7.15806913375866
80.5322341918946,7.15729904174805
80.532539367676,7.15657186508179
80.5327682495118,7.15578508377075
80.5331344604492,7.15504217147833
80.5336914062502,7.1543431282044
80.5342025756839,7.15368795394892
80.5345458984376,7.15294599533087
80.5347366333009,7.15217494964611
80.5349884033203,7.15150499343883
80.534622192383,7.15042877197271
80.5338134765628,7.15005302429211
80.5329971313477,7.15013980865473
80.5322265625001,7.15052080154442
80.5316848754884,7.15110397338873
80.5311203002933,7.15170097351097
80.5303268432618,7.15179014205944
80.529495239258,7.15163278579718
80.5288848876953,7.15112400054932
80.5282287597657,7.15058708190929
80.5279617309572,7.1498317718507
80.5273208618167,7.14924907684326
80.5267333984378,7.14871311187767
80.5265045166016,7.14795589447033
80.5264587402344,7.14711284637463
80.5258102416995,7.1465477943421
80.5253448486329,7.1472158432008
80.5250549316406,7.14803218841553
80.5248336791995,7.14878797531134
80.5244750976565,7.14957523345942
80.5241241455078,7.15030193328863
80.5236129760743,7.1509580612182
80.523017883301,7.15152597427368
80.5221939086913,7.15179014205944
80.521423339844,7.151529788971
80.5206451416018,7.15097904205328
80.5200500488282,7.15029478073114
80.5193328857421,7.14981889724743
80.5185165405275,7.14952707290655
80.5177001953126,7.14955902099609
80.5168380737308,7.14961814880377
80.5159912109376,7.1499547958374
80.5151748657228,7.15029001235968
80.5143280029298,7.15027713775646
80.5134048461917,7.1501030921936
80.5125885009766,7.14997577667242
80.5117721557617,7.14978694915777
80.5110778808595,7.14946985244762
80.5102996826172,7.14897489547729
80.5098724365235,7.14829206466669
80.5096130371093,7.1475510597229
80.5096054077148,7.14667797088629
80.5098266601564,7.14583492279058
80.5097579956058,7.14501380920404
80.5097351074219,7.14404487609875
80.5100250244142,7.1433482170105
80.5098648071289,7.14254617691034
80.5096893310547,7.14174604415899
80.5093231201172,7.14101696014416
80.5086364746097,7.14023494720459
80.5083160400392,7.13974905014032
80.507652282715,7.13899898529064
80.5070800781251,7.13847780227673
80.5065536499023,7.13776588439936
80.5065460205081,7.13689088821417
80.506805419922,7.13609123229992
80.5067367553714,7.13529396057123
80.5065689086914,7.13432502746576
80.5063247680667,7.13360691070557
80.5054321289062,7.13338613510138
80.5046844482424,7.13358402252197
80.5039749145508,7.13408994674677
80.5034255981446,7.13467407226557
80.5025329589847,7.13444995880127
80.5019836425781,7.13386011123652
80.5013809204104,7.13320398330711
80.5009384155274,7.13250780105591
80.500411987305,7.13181114196777
80.500312805176,7.13085222244268
80.500587463379,7.13009500503551
80.5010147094729,7.12935209274292
80.5011978149417,7.12846088409435
80.5005493164063,7.12797307968151
80.4997482299806,7.12768077850336
80.4989166259768,7.12763309478754
80.4981460571292,7.12784481048584
80.49715423584,7.12805700302124
80.4964981079103,7.12808179855341
80.4958572387698,7.12822818756104
80.4948348999024,7.12824392318731
80.4939880371094,7.12838983535767
80.4931564331056,7.1284489631654
80.4921951293946,7.12839698791515
80.4913940429688,7.12814617156988
80.491050720215,7.12793397903448
80.4903182983401,7.12751722335815
80.4895782470703,7.12719821929943
80.4890823364258,7.12718677520752
80.4886932373047,7.12721586227411
80.4882431030273,7.12716579437267
80.487846374512,7.12711620330805
80.4867935180665,7.12658500671398
80.4861526489257,7.12596702575689
80.4857330322268,7.12577104568493
80.4853591918948,7.12558698654169
80.4846038818362,7.12527179718018
80.484100341797,7.12503480911261
80.4832000732422,7.12488889694225
80.4821319580081,7.12471199035667
80.481315612793,7.12471389770508
80.4807052612305,7.12473201751703
80.4799575805665,7.12512588500982
80.4795227050783,7.12581205368048
80.4789657592773,7.12678623199486
80.4784088134766,7.12747192382812
80.4775924682619,7.12731409072882
80.4770126342773,7.12668991088873
80.4766693115236,7.12588977813721
80.4761199951172,7.12523603439331
80.4754638671874,7.12478685379034
80.4746704101565,7.12455415725719
80.4739532470703,7.12416219711304
80.473213195801,7.12375879287714
80.4726943969727,7.12329196929932
80.4718551635742,7.12278604507452
80.4710922241211,7.12253284454357
80.4703063964847,7.1223158836367
80.4695129394534,7.12216997146618
80.468818664551,7.12220907211298
80.4678955078127,7.12239122390747
80.467109680176,7.12245798110968
80.466407775879,7.12251901626581
80.4654693603516,7.12271690368658
80.4646835327149,7.12282705307007
80.4638595581056,7.12262821197521
80.46305847168,7.12250518798828
80.4622268676758,7.12243890762329
80.4614028930666,7.1225261688233
80.4608078002931,7.12260293960577
80.4602584838869,7.12260103225714
80.4597930908206,7.12254381179821
80.459197998047,7.12226581573486
80.4587326049806,7.12224102020269
80.4578933715823,7.12246179580688
80.4574432373047,7.12238883972179
80.4562683105469,7.12210416793823
80.4557800292972,7.12205600738537
80.4554824829103,7.12179183959955
80.4551544189454,7.12150287628174
80.4544448852542,7.12115812301636
80.4540634155276,7.12100315093994
80.4534072875977,7.12061786651623
80.4528732299805,7.12001419067388
80.4524459838869,7.11945819854742
80.4522018432617,7.1186289787293
80.4520111083984,7.11775588989269
80.4514007568362,7.11720418930065
80.4507217407228,7.11662483215332
80.4501266479494,7.11608695983898
80.4494552612305,7.11566591262817
80.4485626220706,7.11566781997681
80.4478607177736,7.11527585983282
80.4470748901369,7.1148538589477
80.4463043212891,7.11433219909674
80.4457778930664,7.11372423172003
80.4453659057619,7.11298322677624
80.4452590942383,7.11129379272455
80.4456253051758,7.11098909378063
80.4461364746095,7.1103191375733
80.4467239379885,7.10974884033203
80.4471282958985,7.10899496078503
80.4475250244141,7.10820579528831
80.4482345581056,7.10784101486217
80.4490661621094,7.10747718811035
80.4497146606445,7.10697984695435
80.4503402709963,7.10650110244774
80.4509658813477,7.10599088668835
80.4515609741212,7.10543680191046
80.4521179199219,7.1048669815064
80.4526290893556,7.10421085357666
80.4530105590822,7.10349702835106
80.4534454345704,7.10274076461798
80.453842163086,7.10202693939203
80.454216003418,7.10125684738165
80.4544219970704,7.10041093826305
80.4545974731446,7.09958219528198
80.4547576904297,7.09872484207148
80.4548721313476,7.09786605834984
80.454902648926,7.0970201492309
80.454917907715,7.09607696533209
80.455017089844,7.09517383575439
80.4551925659181,7.09435987472534
80.4555740356446,7.09360122680664
80.4559478759766,7.0928721427918
80.4565505981448,7.09207391738903
80.4570999145509,7.09148883819574
80.4575424194335,7.09080505371088
80.4577713012697,7.0900349617005
80.4578857421878,7.0891318321228
80.457962036133,7.08831787109369
80.4581909179688,7.08754777908331
80.4584732055667,7.08674287796026
80.4588317871097,7.08598709106445
80.4590072631837,7.08520317077648
80.458969116211,7.08438682556158
80.4589233398439,7.08355712890619
80.4588012695313,7.08274412155163
80.4590072631837,7.0819730758667
80.4594573974609,7.08126020431541
80.4594421386718,7.08045816421514
80.4595336914063,7.07960081100464
80.4597473144532,7.07879781723028
80.4597167968751,7.07794094085705
80.4600372314453,7.07712507247936
80.4603500366212,7.0763978958131
80.4605484008792,7.07556915283203
80.4607391357425,7.07478284835821
80.4611511230472,7.07396697998058
80.4615249633792,7.07316684722906
80.4618606567383,7.07245588302618
80.4621658325197,7.0716371536256
80.4637298583985,7.07052516937267
80.463737487793,7.06946516036999
80.463790893555,7.06856298446655
80.4638366699218,7.06776094436646
80.464225769043,7.0669898986817
80.4645080566407,7.0662021636964
80.464698791504,7.06542921066307
80.465141296387,7.06468820571911
80.4658584594727,7.06431198120123
80.4666061401368,7.06463813781744
80.467155456543,7.065267086029
80.4678115844729,7.06582593917852
80.4684524536135,7.06632518768311
80.469207763672,7.0665478706361
80.4699707031252,7.06628799438471
80.4705123901367,7.06570720672607
80.4711303710939,7.06521511077875
80.4712829589844,7.06439876556408
80.4712600708011,7.06361007690424
80.4708786010745,7.06281900405878
80.4703140258788,7.06226301193232
80.4697036743167,7.06174993515037
80.4690017700195,7.06133794784546
80.4683074951172,7.06092500686646
80.4676513671874,7.06047010421776
80.4669189453127,7.06005716323875
80.4661178588867,7.05977678298962
80.4654769897462,7.05930709838873
80.464813232422,7.05883502960216
80.4642410278322,7.05824995040905
80.4637680053712,7.05754518508917
80.4634780883791,7.05674314498924
80.4632492065433,7.05598211288452
80.463005065918,7.05522298812878
80.4627914428712,7.05437517166143
80.4626464843753,7.05355882644653
80.4625778198243,7.05276823043829
80.4626007080079,7.05193901062034
80.4624786376956,7.05150794982922
80.462387084961,7.05114984512329
80.4619750976564,7.0504322052002
80.461555480957,7.04971694946289
80.4613723754883,7.04886579513561
80.4611434936526,7.04807996749884
80.4609451293948,7.04725980758678
80.4607849121093,7.04639816284191
80.4606933593751,7.04556894302391
80.4605636596683,7.04475021362305
80.4604187011719,7.04393196105951
80.4603652954104,7.04314422607422
80.4604568481447,7.04235696792614
80.4605789184573,7.04149580001831
80.4605712890628,7.04066419601452
80.4605178833008,7.03983211517345
80.4605789184573,7.03904581069946
80.4605560302737,7.03819799423212
80.4603424072267,7.03733587265037
80.460304260254,7.03640222549433
80.4603958129882,7.03552722930914
80.460678100586,7.03477001190197
80.4608993530274,7.03399705886847
80.4609222412111,7.03315210342402
80.4608840942383,7.03232002258301
80.4609146118165,7.03132915496838
80.4611740112305,7.03057193756104
80.4617462158203,7.03002023696894
80.4624633789065,7.02959918975853
80.4631500244141,7.02920913696295
80.4634475708007,7.02839994430553
80.4636535644531,7.02756309509289
80.463790893555,7.02673196792614
80.4639129638672,7.02592897415173
80.4640045166018,7.02512884140037
80.4643325805665,7.02435684204102
80.4651107788087,7.02418613433844
80.4659271240234,7.02437686920172
80.466697692871,7.02467584610008
80.4674911499025,7.0247669219973
80.4681015014649,7.02425909042353
80.4681243896485,7.02345609664911
80.4675140380861,7.02289819717407
80.4667663574219,7.0225877761842
80.4660873413089,7.02219104766851
80.4663696289064,7.02139186859131
80.4670562744143,7.02098608016979
80.4674682617188,7.02030181884771
80.4675445556641,7.0194859504702
80.4675827026368,7.0186681747436
80.467658996582,7.01786613464367
80.4673690795899,7.01711988449097
80.4667282104494,7.01665115356457
80.4662094116212,7.01601982116699
80.4655990600588,7.01547718048101
80.4650421142578,7.01484823226929
80.4647293090821,7.01408720016491
80.4641876220706,7.01345777511597
80.4635238647462,7.01303195953369
80.462730407715,7.01308393478394
80.4619522094728,7.01334381103527
80.461120605469,7.01316404342646
80.4604949951172,7.01267814636236
80.4601821899417,7.01194906234753
80.459846496582,7.01123285293573
80.459327697754,7.01061582565313
80.4586715698245,7.01008892059332
80.4583129882812,7.00928211212153
80.4580078125001,7.00855302810669
80.457702636719,7.00776195526123
80.4572525024415,7.00709009170532
80.4567337036136,7.00648784637457
80.4560775756836,7.00603485107428
80.4553070068361,7.00581121444702
80.4545593261719,7.00553083419823
80.4537887573242,7.00527811050415
80.4530715942383,7.00490903854381
80.452606201172,7.0042338371278
80.4520263671875,7.00367784500128
80.4514770507814,7.0030918121339
80.4512939453127,7.00228977203381
80.4511489868165,7.00149917602539
80.4509201049806,7.00074005126964
80.4507369995117,6.99995183944725
80.4502258300782,6.99930715560919
80.4494400024415,6.99896717071545
80.4487228393558,6.9984822273255
80.4479217529297,6.99812793731712
80.4470596313477,6.99807786941528
80.4462280273439,6.99800300598145
80.4454421997071,6.99805784225475
80.4446182250978,6.99805307388311
80.4438171386719,6.99810791015619
80.4430313110354,6.99785518646252
80.4422302246095,6.99758815765387
80.4414978027347,6.99792098999046
80.4407882690431,6.99835395812988
80.4399414062501,6.99821996688848
80.4391555786133,6.99803876876831
80.4383621215821,6.99822378158564
80.4375610351564,6.99810600280762
80.4371261596679,6.99740123748774
80.4367218017581,6.99669885635387
80.4362411499023,6.99601316452026
80.4355773925784,6.99555778503429
80.4349212646485,6.99504184722912
80.4341888427735,6.99473190307629
80.4336395263673,6.99416017532349
80.4332809448245,6.99344205856329
80.4330520629883,6.9926109313966
80.4331970214844,6.99183797836309
80.4334411621094,6.99103784561157
80.4334716796878,6.99023580551147
80.433288574219,6.9894452095034
80.4328536987305,6.98875904083258
80.4323425292972,6.98804092407238
80.4322586059571,6.98725223541254
80.4321060180665,6.98647689819359
80.432373046875,6.98572111129761
80.4331817626955,6.98534679412853
80.4339675903321,6.9851441383363
80.4347610473633,6.985032081604
80.4355087280274,6.98475885391235
80.4360809326172,6.98412084579491
80.4363937377931,6.98325920104986
80.4366455078126,6.98247480392462
80.4368972778323,6.98171615600592
80.4371032714847,6.98085689544689
80.4373321533203,6.98007106781012
80.4375381469728,6.97916793823242
80.4377746582032,6.97836589813232
80.4383544921876,6.97781181335461
80.4391250610352,6.97734880447393
80.4396438598635,6.97675514221203
80.4401702880862,6.97602987289434
80.4409103393558,6.97560787200928
80.4416656494143,6.97527790069591
80.4424743652343,6.97501993179327
80.4432601928713,6.97493600845337
80.4440536499025,6.9746460914613
80.4443817138671,6.97392177581787
80.4442977905274,6.97311878204351
80.4441833496093,6.97231292724621
80.4440002441406,6.97153997421287
80.4439163208008,6.97075080871582
80.4439163208008,6.96996307373053
80.4439849853518,6.96916103363043
80.4441604614261,6.96838808059692
80.4445190429689,6.96767520904541
80.4449768066408,6.96697902679438
80.4452972412112,6.96624994277954
80.4455642700197,6.96544981002819
80.4455108642581,6.96463203430176
80.4452133178712,6.9638409614563
80.4448394775391,6.96309614181513
80.4443893432617,6.96237802505499
80.4438629150392,6.9616899490357
80.4431381225587,6.96138000488287
80.4425430297852,6.96079397201549
80.4421234130861,6.96009206771845
80.4416427612305,6.95944690704357
80.44100189209,6.95893383026123
80.4402313232424,6.95860815048229
80.4394531250002,6.95835685729992
80.4387283325196,6.95801782608027
80.4381637573243,6.95738697052013
80.4379043579102,6.9566411972047
80.4376296997071,6.95577716827398
80.4375915527344,6.9549322128297
80.4375839233399,6.95411586761497
80.4373245239257,6.95336818695074
80.4372863769534,6.95256614685081
80.4373626708986,6.95176601409912
80.4374542236329,6.95096397399902
80.4376754760745,6.95020484924322
80.4378128051758,6.94935894012451
80.4377899169922,6.94852781295776
80.4379272460939,6.94768381118774
80.4382934570312,6.94698476791382
80.4388351440433,6.94631719589233
80.4391479492188,6.94552993774425
80.4391860961917,6.94469881057734
80.4389801025392,6.94389581680292
80.4386825561525,6.94312095642084
80.4383621215821,6.94235992431652
80.4379882812501,6.94164180755615
80.4382553100589,6.94089889526373
80.4381561279297,6.94005393981945
80.4380722045901,6.93926477432262
80.4381408691408,6.93846321105957
80.4383773803712,6.93767690658592
80.4385986328126,6.93686103820806
80.4382553100589,6.9361429214477
80.4380950927734,6.93529701232916
80.438102722168,6.93449497222906
80.4381256103517,6.933662891388
80.4377288818361,6.9329309463501
80.4374160766602,6.93219995498663
80.4373321533203,6.9314107894898
80.4375839233399,6.93063879013062
80.4378967285156,6.92989778518677
80.437973022461,6.92910909652716
80.4378280639649,6.92826080322277
80.4376754760745,6.92745876312267
80.4374618530275,6.92664098739624
80.4373168945312,6.92583894729614
80.4372329711915,6.92503595352173
80.4373397827148,6.92423391342157
80.4374923706058,6.92340183258057
80.4375305175781,6.92258596420294
80.4370498657227,6.92194080352783
80.4362945556641,6.92167520523066
80.4354858398438,6.92159700393688
80.434410095215,6.92193222045898
80.4349060058594,6.91904020309471
80.4347305297852,6.91823816299444
80.4343872070313,6.91744899749756
80.4340286254884,6.91671514511108
80.4337844848633,6.91594314575207
80.4334640502933,6.91521120071411
80.4331436157227,6.91437911987327
80.4329910278322,6.91360378265381
80.4332427978516,6.91281795501703
80.4337463378908,6.91219377517695
80.4343872070313,6.9117288589477
80.4350967407227,6.91135311126709
80.4359130859376,6.91141605377203
80.4366989135743,6.91175603866577
80.4374389648438,6.91224098205572
80.4382705688476,6.91233301162742
80.439018249512,6.91181278228765
80.4397506713868,6.91145086288475
80.440559387207,6.91134977340698
80.441261291504,6.91099023818975
80.442077636719,6.91100788116466
80.442810058594,6.91069221496588
80.4435348510743,6.91014194488537
80.444206237793,6.90957498550438
80.4447250366214,6.90896415710461
80.4452667236329,6.90832614898682
80.4459533691408,6.90784978866583
80.4467315673828,6.90748691558849
80.4474945068359,6.90709686279308
80.4482574462891,6.90679407119757
80.4490280151368,6.90656423568731
80.449821472168,6.90636587142944
80.4506225585939,6.90628099441523
80.4514999389648,6.90627193450933
80.4523925781249,6.90640878677362
80.453193664551,6.90655708313
80.4540405273438,6.90645885467529
80.4547729492188,6.90613985061657
80.4554061889651,6.90559101104736
80.4559631347657,6.90502309799194
80.4564208984377,6.90436887741095
80.4565429687503,6.90356683731102
80.4570617675782,6.90292882919323
80.4577484130859,6.90249395370506
80.4581909179688,6.90182590484619
80.4586181640626,6.90108489990234
80.4592819213869,6.90048980712891
80.4600524902345,6.90020084381109
80.4609069824219,6.90000200271606
80.4617080688479,6.89991807937628
80.4624862670901,6.89976119995129
80.4631805419922,6.90021705627464
80.4636611938477,6.90090513229376
80.464225769043,6.90125799179077
80.4673690795899,6.90178489685059
80.4680404663086,6.90133619308472
80.4686584472658,6.90084123611473
80.4694290161133,6.90065717697149
80.4702377319337,6.90055894851679
80.4709396362306,6.9001669883728
80.4715728759766,6.8996310234071
80.4722900390625,6.8992710113526
80.4728927612305,6.8986902236939
80.4735107421876,6.89812183380127
80.4743423461914,6.89801120758057
80.4751434326174,6.89808797836298
80.4759368896485,6.8981947898867
80.4767837524417,6.8984317779541
80.477638244629,6.89866876602184
80.4784622192384,6.89874696731562
80.4792480468753,6.89873504638666
80.4800415039062,6.89852094650274
80.4807968139651,6.89814519882214
80.4814910888672,6.89770984649653
80.4821472167968,6.89713096618664
80.482780456543,6.89660882949829
80.4834976196289,6.89618682861334
80.4840698242188,6.89562177658081
80.4846343994141,6.89498376846336
80.485160827637,6.89438676834112
80.4857330322268,6.89376401901239
80.4864654541016,6.89323997497564
80.4872741699222,6.89304208755505
80.4880599975585,6.89329290390015
80.4888916015626,6.893473148346
80.4897232055665,6.89352083206182
80.4905548095703,6.8935108184815
80.4913177490234,6.89319181442255
80.4919509887696,6.892641067505
80.4924392700195,6.8919730186463
80.4931716918948,6.89148092269897
80.4939193725587,6.89106082916265
80.4945755004885,6.89051008224493
80.4949645996095,6.88975286483776
80.495445251465,6.88901185989374
80.4960937500002,6.88848781585699
80.4968719482424,6.88812780380249
80.4974899291993,6.88759279251121
80.498001098633,6.88696622848516
80.4983291625979,6.88620901107794
80.4985961914064,6.88542318344139
80.4981155395509,6.88466215133667
80.4982681274415,6.88384580612177
80.4983291625979,6.88301420211798
80.4983749389648,6.88222694396973
80.4982070922853,6.88139295578009
80.4980392456055,6.88053178787226
80.4977645874026,6.87968587875372
80.4973602294925,6.87896776199352
80.4969100952149,6.87825012207037
80.4964141845706,6.87763500213617
80.4958953857422,6.87703323364269
80.4952392578126,6.87653589248669
80.4947891235353,6.8758478164674
80.4946365356446,6.87503004074097
80.4946517944337,6.87424087524414
80.4947204589847,6.87341022491461
80.4947967529297,6.87255001068127
80.4949340820312,6.87174797058117
80.4952697753909,6.87103509902948
80.4957962036133,6.87044000625622
80.4963607788087,6.86985921859736
80.4969787597659,6.86926412582409
80.4976348876955,6.86875581741344
80.4982223510744,6.86821985244751
80.4988403320313,6.86765193939209
80.499351501465,6.86701393127447
80.4997940063477,6.86628723144543
80.5001525878907,6.8655309677124
80.500358581543,6.86475610733032
80.5004959106447,6.86396884918219
80.5005035400392,6.86318111419689
80.5005187988281,6.86237812042248
80.5004653930664,6.8615489006043
80.5003967285157,6.86073112487787
80.500358581543,6.85986900329613
80.5001754760743,6.85897779464722
80.4999923706055,6.85813188552862
80.5004196166995,6.85732984542869
80.5011062622071,6.85686779022217
80.5019149780274,6.85653686523449
80.5026550292969,6.85626077651972
80.5033645629885,6.85585784912109
80.5041503906251,6.85554122924805
80.5050125122073,6.85532522201549
80.5057907104492,6.85512399673462
80.5065841674806,6.85476398468029
80.5072708129884,6.85434484481812
80.5079345703127,6.85386610031128
80.5086975097658,6.85334396362327
80.5093536376954,6.85282182693493
80.5097808837893,6.85215377807617
80.5101242065431,6.85144090652489
80.5105667114257,6.85068416595459
80.5109024047854,6.84994077682495
80.5112304687501,6.84916877746593
80.5114364624024,6.8483247756958
80.5114440917969,6.84750699996971
80.5111541748047,6.84671878814697
80.510856628418,6.84592819213873
80.5104598999024,6.84516620636009
80.5100402832033,6.84448003768927
80.5095672607425,6.84379196166998
80.5090713500978,6.84306097030634
80.5086669921875,6.84228277206432
80.5082931518555,6.84139394760143
80.5077285766603,6.84074687957769
80.5070266723633,6.84035110473638
80.5062866210938,6.83995389938366
80.5057449340821,6.83933877944946
80.5054168701171,6.83856391906738
80.5049057006836,6.83786010742199
80.5044021606446,6.83724594116211
80.5042037963868,6.83641195297247
80.5037994384766,6.83565092086792
80.50309753418,6.83516597747814
80.5023117065431,6.83488512039196
80.5015258789063,6.8346347808839
80.5006637573242,6.83430910110474
80.4999771118165,6.83386707305908
80.4996337890626,6.83301877975487
80.499137878418,6.83240318298363
80.4983520507812,6.83223915100098
80.4975051879883,6.83232402801519
80.4966583251953,6.83226013183616
80.4960021972657,6.83173322677612
80.4954299926758,6.83190393447887
80.4947128295901,6.83231019973766
80.4939346313479,6.83255386352562
80.4931182861329,6.83262205123907
80.492240905762,6.83254480361938
80.4913787841797,6.83246898651123
80.4905471801758,6.83247900009161
80.4896011352539,6.83253288269043
80.4886779785158,6.83258581161493
80.4878311157229,6.8325829505921
80.4870147705079,6.83243083953852
80.4862442016602,6.83209276199341
80.4854965209962,6.83179712295532
80.484786987305,6.831370830536
80.4839935302736,6.83110380172752
80.4831619262695,6.83093976974487
80.482276916504,6.83089017868048
80.481414794922,6.83071184158337
80.480613708496,6.83063507080072
80.4798202514651,6.83071899414068
80.4790039062501,6.83078479766846
80.4782104492188,6.8308691978454
80.4774093627931,6.83089494705212
80.4766159057617,6.8310952186585
80.4758300781253,6.83144378662109
80.4750671386722,6.83168506622326
80.474220275879,6.83184289932274
80.4734268188478,6.83199977874756
80.4726715087891,6.83223009109508
80.4718017578128,6.83251714706427
80.4710464477542,6.83290719985968
80.4702835083011,6.83315277099609
80.4694213867189,6.83308887481689
80.4686050415038,6.83309793472296
80.4676208496097,6.83320999145502
80.4667892456055,6.83327817916881
80.4659805297853,6.83356809616095
80.4651947021486,6.83384084701538
80.4643707275393,6.83412885665905
80.4635848999025,6.83440208435053
80.462760925293,6.83470296859747
80.4619903564453,6.83502197265619
80.4612274169922,6.83543920516962
80.4606552124023,6.83599281311047
80.4599609375001,6.83646917343145
80.4592056274415,6.83672904968262
80.4583282470705,6.83682680130011
80.4574813842775,6.83673381805426
80.4566345214845,6.83639383316051
80.4559020996094,6.83604097366333
80.4551925659181,6.83561515808105
80.4543914794922,6.83511495590221
80.4537200927734,6.83467292785656
80.4530334472657,6.83426094055187
80.4522476196291,6.83371782302862
80.4516372680664,6.83311700820923
80.4506149291993,6.83351993560785
80.4499664306642,6.83402585983288
80.4492492675782,6.83438777923595
80.4484634399415,6.83463191986084
80.4476470947267,6.83467102050781
80.4468078613282,6.83471202850336
80.4459762573243,6.83475112915039
80.4451751708986,6.835023880005
80.4444122314455,6.83539819717407
80.4436340332031,6.83563089370739
80.4428329467776,6.83578586578381
80.4420700073245,6.83602905273438
80.4416122436524,6.83672714233404
80.4413299560546,6.83748579025274
80.4406280517578,6.83786010742199
80.4403610229495,6.83860301971441
80.4404296875002,6.83939123153698
80.4406127929689,6.84022283554077
80.4408416748047,6.84101390838617
80.4408798217774,6.84181594848633
80.4402618408204,6.84244108200068
80.4395217895508,6.84274387359619
80.4387283325196,6.84297180175787
80.4379806518555,6.84330415725708
80.4372177124024,6.84356212615972
80.4364624023438,6.84377813339245
80.4355545043946,6.84409284591675
80.4348449707031,6.84449911117548
80.4341888427735,6.84513711929333
80.4340209960939,6.84595489501953
80.4339752197266,6.84675693511969
80.4335174560547,6.84745502471947
80.4328231811524,6.84794712066656
80.4320373535158,6.84808778762823
80.4313125610352,6.84767580032349
80.4309310913087,6.84697389602667
80.430763244629,6.84620094299316
80.4306793212892,6.84533977508556
80.4307022094728,6.84452104568481
80.4306716918947,6.84371900558472
80.4304275512698,6.84281396865839
80.4300384521487,6.84205293655407
80.429428100586,6.8415541648867
80.4286880493165,6.84127378463756
80.4278945922852,6.84119606018066
80.4270477294924,6.84119176864624
80.4262466430667,6.8410120010376
80.4255218505861,6.84060096740717
80.4248046875001,6.84021615982067
80.4240188598635,6.83981990814209
80.4232864379883,6.84020900726318
80.4230194091796,6.84095191955578
80.4227981567386,6.84170913696312
80.4225997924808,6.84249496459967
80.4223937988282,6.84331083297752
80.4221267700195,6.84405422210699
80.4216690063479,6.84473800659185
80.421241760254,6.84542179107672
80.4205932617189,6.84588718414318
80.4198608398438,6.84634876251232
80.4191436767579,6.84681177139277
80.418395996094,6.84726095199591
80.4176025390626,6.84754800796509
80.4168319702149,6.84779214859014
80.4160537719727,6.84794902801519
80.4152603149414,6.84825181961071
80.4145889282229,6.84868478775024
80.4140472412109,6.84930992126465
80.4136199951173,6.85003709793091
80.4130554199222,6.85063409805292
80.4123840332033,6.85117006301886
80.4115905761719,6.851487159729
80.4108352661135,6.85170078277588
80.4099502563477,6.85204696655285
80.409294128418,6.85259580612183
80.4087448120119,6.85332298278809
80.4082794189454,6.85396385192894
80.4077072143556,6.8546338081361
80.4070892333985,6.8552131652832
80.4065017700196,6.85574817657465
80.4058532714843,6.85628604888916
80.4052047729493,6.85680818557739
80.4045486450197,6.85734415054333
80.4037857055666,6.8578519821167
80.4030380249025,6.85828495025646
80.4022750854494,6.85877704620373
80.4015426635743,6.85924005508423
80.4008483886722,6.85964584350592
80.4000473022462,6.85972785949707
80.3992462158204,6.85959291458141
80.3984985351563,6.85924005508423
80.3978729248049,6.85874080657965
80.3972625732421,6.85812282562256
80.3967132568359,6.85742092132591
80.3964309692383,6.85667610168457
80.3960342407227,6.85592889785778
80.3953704833984,6.85545921325689
80.3945236206055,6.85522222518932
80.3936309814456,6.855055809021
80.3928298950196,6.85486221313499
80.392059326172,6.85462522506725
80.3913726806641,6.85416889190685
80.3907012939454,6.85369682312012
80.3903274536133,6.85292196273804
80.3901290893555,6.85208988189697
80.3899459838868,6.85114192962652
80.3895645141602,6.85039520263678
80.3888702392578,6.84998178482056
80.3880538940431,6.84992122650146
80.3871765136719,6.84977006912243
80.3862991333008,6.84948778152466
80.3854827880861,6.84938287734991
80.3846664428714,6.84937810897827
80.3838195800782,6.84937381744385
80.3830566406251,6.8496470451355
80.382308959961,6.85014009475708
80.381660461426,6.8506178855896
80.381660461426,6.8514199256897
80.3816070556643,6.85222291946411
80.381401062012,6.85300922393805
80.3810348510745,6.85370588302635
80.3804016113282,6.85418510437023
80.3795700073244,6.85438585281366
80.3787460327151,6.85435104370129
80.377914428711,6.85414409637463
80.3771133422852,6.85389089584351
80.3763275146486,6.8535947799682
80.3756103515626,6.8532252311706
80.3747787475586,6.85323715209955
80.373962402344,6.85326194763195
80.3730239868167,6.85325717926031
80.3721923828126,6.85314989089972
80.3715591430666,6.85263681411737
80.3708877563478,6.85212182998669
80.3700866699219,6.85186910629278
80.3692626953127,6.85188102722174
80.3684768676758,6.85186290740978
80.3676757812503,6.85184383392334
80.3668746948243,6.85161876678472
80.3661422729495,6.85113286972046
80.365707397461,6.85041809082043
80.3652725219728,6.84975910186773
80.3646392822268,6.84917116165161
80.3638610839847,6.84890413284313
80.3630447387696,6.84866714477533
80.3621597290042,6.84843015670776
80.361312866211,6.84835290908813
80.3604507446288,6.84843492507946
80.3596420288087,6.84860610961925
80.3588790893556,6.84884977340721
80.3580780029297,6.84925508499168
80.3573760986331,6.8496880531311
80.3566894531252,6.84924793243403
80.3567504882813,6.84841680526728
80.3568572998049,6.84754085540783
80.356773376465,6.84665012359631
80.3561630249024,6.84606409072876
80.3550567626954,6.845934867859
80.3545608520508,6.84588003158569
80.3538055419924,6.84555578231806
80.3531036376954,6.84508419036877
80.3526382446288,6.84443902969383
80.3522033691407,6.8436651229859
80.3516998291016,6.84295988082891
80.3510131835938,6.84252023696894
80.3501129150393,6.84240007400513
80.3493041992188,6.84238100051903
80.3484878540041,6.84240579605108
80.3479537963868,6.84178876876825
80.3480300903323,6.84100198745722
80.3481826782227,6.84017086029053
80.3484039306643,6.83939981460577
80.3485717773439,6.83858203887934
80.3486328124999,6.83779621124279
80.3487091064454,6.83700895309454
80.348846435547,6.83622121810919
80.3488235473632,6.83538913726818
80.3486557006838,6.83455705642695
80.3480682373047,6.83391189575201
80.347297668457,6.83364486694336
80.3464965820315,6.83361101150507
80.3456649780274,6.83369588851929
80.3447875976565,6.83380699157726
80.3438949584963,6.83375883102423
80.3431243896486,6.83359289169312
80.3423614501955,6.83332586288464
80.3428192138672,6.8326587677002
80.3429107666015,6.83187198638916
80.3426361083985,6.8310952186585
80.3420410156251,6.83052492141724
80.341361999512,6.83000993728638
80.3405151367188,6.83012199401878
80.3402023315433,6.83026981353754
80.3397521972657,6.83048391342186
80.3393936157227,6.83120918273937
80.3395080566408,6.83204317092896
80.3395767211915,6.83262920379639
80.338981628418,6.83284997940075
80.3387908935547,6.83200216293341
80.3383255004882,6.83126783370983
80.3374557495118,6.83139085769659
80.3367462158204,6.83192491531372
80.3358306884768,6.83222818374628
80.3350067138672,6.83250999450684
80.3341064453128,6.83283615112299
80.3333053588868,6.83320999145502
80.3324584960939,6.83358383178705
80.3316116333011,6.83402585983288
80.3309783935547,6.83460283279419
80.3302230834962,6.83513784408581
80.3299331665038,6.83532476425177
80.329444885254,6.83564710617077
80.3287353515626,6.83629417419445
80.3281631469728,6.83703184127813
80.3276214599612,6.8377251625061
80.3271865844727,6.83816480636591
80.3269577026368,6.83839702606201
80.3263854980469,6.83906698226951
80.3258209228516,6.83973789215094
80.3253402709964,6.84045076370245
80.3247985839844,6.84121179580694
80.32438659668,6.84201908111595
80.3241424560547,6.8428688049317
80.3236160278323,6.84367609024071
80.323257446289,6.84446001052868
80.3228683471683,6.84529018402094
80.3225784301758,6.84613990783686
80.3224258422852,6.84701490402227
80.3221740722658,6.84791278839106
80.3219985961915,6.84885406494163
80.3217544555664,6.84970378875738
80.3213882446291,6.85051107406639
80.3211441040042,6.85145187377935
80.3207778930663,6.85239791870123
80.3202362060549,6.85313415527338
80.3195495605469,6.85366821289074
80.3193969726564,6.85451984405523
80.318916320801,6.85525798797619
80.3182754516604,6.85585784912109
80.3177337646484,6.85655117034906
80.3171844482424,6.85740280151379
80.3164520263674,6.85793590545666
80.3157196044922,6.85846996307396
80.3150405883792,6.85900306701666
80.3143081665039,6.85962820053101
80.3135299682617,6.86016082763683
80.3128662109376,6.8607168197633
80.31217956543,6.86129617691046
80.3115386962891,6.86189794540417
80.3107910156251,6.8623371124267
80.3099822998047,6.86264276504511
80.3091125488284,6.86241722106945
80.3082580566406,6.86230993270885
80.3073883056643,6.86224603652965
80.3064880371094,6.86202478408825
80.3059310913088,6.86133909225458
80.3054504394532,6.8606281280517
80.3047561645507,6.86006116867077
80.3041305541993,6.85944509506226
80.3033447265626,6.85894584655767
80.3025207519533,6.8586292266848
80.3016891479495,6.85838317871099
80.3007507324218,6.85834217071539
80.2998275756838,6.85857915878296
80.2989578247071,6.85883712768555
80.2981109619142,6.8592791557312
80.297218322754,6.85937690734869
80.2964096069338,6.85894584655767
80.2961044311524,6.85807514190674
80.2959136962891,6.85715913772577
80.2958450317385,6.85628604888916
80.2956542968752,6.85541582107544
80.2948226928714,6.85514497756964
80.2939987182618,6.85545015335077
80.2931518554689,6.85561609268188
80.2923049926759,6.85582780838035
80.2914733886719,6.85613393783564
80.2906036376956,6.85634613037121
80.2897109985352,6.85635185241699
80.2888107299805,6.85621976852417
80.2880325317385,6.85581016540527
80.2872924804688,6.85526514053345
80.2864837646486,6.85487985610973
80.2856140136719,6.85495519638062
80.2849044799808,6.85546588897728
80.2842864990235,6.85618209838873
80.284049987793,6.85673284530645
80.285011291504,6.8576650619508
80.2851943969727,6.8600358963015
80.2848663330079,6.86251306533813
80.2831192016602,6.86409187316895
80.28133392334,6.86582183837896
80.282669067383,6.86774778366095
80.2821502685547,6.87010908126854
80.2803115844729,6.87157678604137
80.277946472168,6.87186384201061
80.2756347656252,6.8724160194397
80.2734527587893,6.87330198287975
80.2711181640626,6.87375116348267
80.2687759399414,6.8742761611939
80.2672576904297,6.87613105773926
80.2657241821289,6.87814807891851
80.2646713256839,6.88027906417858
80.2637634277344,6.88261318206793
80.2626419067385,6.88472986221325
80.2616043090821,6.88694477081305
80.2606506347657,6.88923788070701
80.258255004883,6.88942480087275
80.2563705444338,6.89081811904919
80.2547302246095,6.89250183105469
80.2537536621094,6.89464378356945
80.2528152465821,6.89695119857782
80.2517471313477,6.89922523498535
80.2507705688479,6.90151786804211
80.2483978271485,6.90137004852301
80.2463989257812,6.90276479721075
80.2448654174804,6.90472316741966
80.2432327270508,6.90656423568731
80.2410354614261,6.90749406814581
80.2392120361328,6.90593290328991
80.2376327514648,6.90402078628546
80.2356185913087,6.90263700485252
80.2332229614261,6.90305709838867
80.2327499389649,6.90540218353271
80.2327346801758,6.90778779983526
80.2328720092773,6.91017389297485
80.2326812744141,6.91266489028942
80.2315216064453,6.91472291946423
80.2312850952151,6.91706609725946
80.2311401367187,6.9194979667663
80.2307128906253,6.92181396484369
80.2305908203127,6.92415714263916
80.228660583496,6.92552185058599
80.2265014648439,6.92445516586304
80.2258911132813,6.92671585083008
80.2251586914063,6.92904806137085
80.2239608764649,6.93106317520153
80.2220153808595,6.92948818206793
80.2212677001955,6.9270329475404
80.2190628051759,6.92609882354748
80.2195892333985,6.92378282547008
80.2191772460939,6.92141294479364
80.2168579101564,6.92107486724848
80.2161483764649,6.9187531471253
80.214096069336,6.91764307022095
80.2116699218753,6.91787481307983
80.2101211547854,6.91764116287237
80.2106552124024,6.91872596740728
80.2108459472657,6.91913080215454
80.2109909057618,6.91950988769526
80.2111663818361,6.9199590682984
80.2113037109374,6.92046689987177
80.2113571166994,6.92085886001598
80.2113876342774,6.92126703262329
80.211410522461,6.92176103591919
80.2114715576175,6.92234277725214
80.2115020751953,6.92282295227051
80.2114715576175,6.92323112487804
80.2114181518555,6.92375612258911
80.2113723754883,6.92428016662609
80.2113189697266,6.924716949463
80.2112503051759,6.92516613006592
80.211135864258,6.92573595046991
80.2110519409181,6.92615795135504
80.2109222412109,6.92672777175903
80.2108383178712,6.92716312408442
80.2106781005861,6.92776012420666
80.210502624512,6.92824316024803
80.2103042602542,6.92895698547363
80.2101593017578,6.92949390411383
80.2100143432619,6.93003511428833
80.2098617553712,6.93070507049561
80.2097320556643,6.93117189407343
80.2095718383792,6.93168020248413
80.2094192504885,6.93210411071777
80.2091979980468,6.93258476257336
80.209053039551,6.93302297592163
80.2089385986329,6.93350315093994
80.2088851928711,6.93391084671026
80.2088546752931,6.93433284759533
80.2087860107425,6.9348158836367
80.2086410522461,6.9352378845216
80.2084579467773,6.93586492538475
80.2082748413088,6.93650484085077
80.2080841064455,6.9370450973513
80.2080459594729,6.93751192092896
80.2084045410159,6.93775606155418
80.2087707519532,6.93753480911261
80.2091293334962,6.93734407424932
80.2095413208011,6.93721199035667
80.2100067138674,6.93719577789329
80.2104415893555,6.93719291687023
80.2108917236331,6.93723392486584
80.2113571166994,6.93731880187988
80.211837768555,6.93740320205683
80.2123184204102,6.93735790252686
80.2127838134768,6.93736886978149
80.2132644653322,6.93742418289185
80.2136688232422,6.93752384185791
80.2139663696288,6.93779706954962
80.2143859863283,6.93783807754517
80.2148513793946,6.9378519058227
80.215187072754,6.93763113021851
80.2154006958008,6.93720722198486
80.2156906127929,6.93689918518078
80.2160415649417,6.9366650581361
80.216537475586,6.93660497665411
80.2169418334962,6.93660306930548
80.2174224853516,6.93657112121582
80.21794128418,6.9364800453186
80.2184982299806,6.93627309799194
80.218963623047,6.93611097335838
80.2193374633791,6.93597602844233
80.2198333740236,6.93591690063482
80.2201843261719,6.93623590469372
80.2203140258791,6.93661212921137
80.2202911376955,6.93701982498169
80.2202453613284,6.93758821487432
80.2202529907229,6.93806886672974
80.2204437255862,6.93841695785528
80.2207641601563,6.93872022628784
80.2210693359377,6.93899583816551
80.221305847168,6.93935585021984
80.2216110229492,6.93971920013422
80.2219161987305,6.94003820419317
80.222282409668,6.94037103652977
80.2226943969728,6.94068717956543
80.223083496094,6.94100618362432
80.2233505249025,6.94139623641991
80.2235107421874,6.94187879562389
80.2235412597658,6.94237184524548
80.2235717773438,6.94280910491943
80.2235717773438,6.94321489334112
80.2235488891603,6.94379615783686
80.223518371582,6.94423389434809
80.2235107421874,6.94481706619263
80.2235412597658,6.94547080993652
80.2235412597658,6.94603919982922
80.2234878540042,6.94656276702892
80.2234725952151,6.94714403152466
80.2234344482422,6.94769811630272
80.2233963012696,6.94814920425426
80.2234268188477,6.94874620437628
80.2234420776368,6.9493408203125
80.2232971191409,6.94982385635376
80.2229919433595,6.95020294189464
80.2225723266602,6.95059919357323
80.2221984863283,6.95105123519903
80.2218246459963,6.95159292221075
80.2215652465823,6.95194387435913
80.221374511719,6.95232200622559
80.2212142944335,6.95268678665173
80.2210845947267,6.95311117172247
80.2208709716799,6.95362091064464
80.220626831055,6.95398616790783
80.2203063964845,6.95429086685175
80.2199020385742,6.95461511611938
80.2194366455079,6.9548788070681
80.2190551757813,6.95505714416504
80.2186660766602,6.95532178878784
80.2184753417969,6.95577478408813
80.2183380126956,6.95615386962891
80.2181930541994,6.9565320014953
80.2180786132813,6.95699691772455
80.2181091308595,6.95743179321289
80.2182235717775,6.95785617828381
80.2182998657228,6.95824813842796
80.218315124512,6.9587287902832
80.2183227539065,6.95926523208618
80.2183227539065,6.9597020149231
80.2183380126956,6.96018314361572
80.2182998657228,6.96079397201549
80.2181549072268,6.96139287948608
80.2179946899414,6.9618878364563
80.2178955078126,6.96247100830078
80.217872619629,6.96321201324457
80.2178573608399,6.96371984481834
80.2178497314453,6.96433115005499
80.2178802490235,6.96492815017723
80.21794128418,6.96564197540283
80.2180023193361,6.96604681015026
80.218116760254,6.96654415130621
80.2183074951173,6.96709585189831
80.2184753417969,6.96763086318975
80.2185058593753,6.96824216842674
80.2184219360352,6.9687390327453
80.2183303833011,6.96935176849371
80.2182083129885,6.96997594833374
80.2180786132813,6.9704728126527
80.2180175781252,6.97092199325562
80.2180557250977,6.97141885757458
80.2181701660156,6.9718980789184
80.218376159668,6.97248077392584
80.2184677124024,6.97294378280651
80.2182617187501,6.97332477569586
80.2180175781252,6.97364377975475
80.2177124023438,6.97402381896995
80.2174072265624,6.97443389892589
80.2170333862305,6.97466897964489
80.2166366577148,6.97456884384161
80.2163314819337,6.97410583496094
80.2158660888675,6.97377395629877
80.2154159545899,6.97380495071434
80.2150344848633,6.97404003143316
80.2146453857422,6.97450685501099
80.2143096923831,6.9748878479005
80.2140655517579,6.97522306442261
80.2138061523439,6.97567701339716
80.2134857177735,6.97602796554577
80.2130355834961,6.97627782821661
80.2125015258791,6.97652721405052
80.2120971679689,6.97658777236944
80.2116317749025,6.97662019729614
80.2111892700196,6.97669506073004
80.2106094360352,6.97678422927862
80.210144042969,6.97694778442388
80.2096099853517,6.97727203369152
80.2092437744142,6.97760915756237
80.2088699340822,6.97790098190308
80.2084045410159,6.97829484939581
80.2076873779297,6.97872400283819
80.2070083618165,6.97852277755749
80.2066040039063,6.97829294204723
80.2061920166017,6.97806119918818
80.2057418823245,6.97785997390747
80.2052459716799,6.97757291793829
80.2048797607422,6.97738599777216
80.2044448852539,6.97719907760626
80.2040634155273,6.97696685791016
80.20369720459,6.97678184509283
80.2033081054688,6.97662210464478
80.2027511596681,6.97637891769415
80.2022323608399,6.97614812850964
80.2017593383788,6.97599077224754
80.2012786865235,6.97589302062988
80.2005996704104,6.97576284408569
80.2001495361329,6.97567892074596
80.1993637084962,6.97565603256231
80.1988830566409,6.97573089599621
80.1983108520511,6.97586584091187
80.1977005004884,6.97602796554577
80.1971817016601,6.97623491287243
80.1967620849612,6.97635412216198
80.1962814331056,6.97642898559582
80.1956558227538,6.97656297683739
80.1952438354495,6.97663784027105
80.1946945190433,6.97674322128307
80.1941146850589,6.97687816619873
80.1935729980469,6.97707080841064
80.1931228637696,6.97724723815929
80.1927490234376,6.97739505767822
80.1922988891602,6.97755718231213
80.191818237305,6.97771883010864
80.1911621093751,6.97783994674694
80.1904983520511,6.97793102264416
80.1899566650391,6.97793483734137
80.1896514892579,6.97763013839722
80.1893310546878,6.97720813751232
80.189064025879,6.97686195373541
80.1887893676757,6.97654294967646
80.1884765625,6.9762101173402
80.1881561279297,6.97577476501465
80.1877670288087,6.97541189193726
80.187370300293,6.97508192062389
80.1869201660158,6.97477912902838
80.1865386962892,6.97464895248413
80.1860427856446,6.9745512008667
80.1855316162112,6.97437810897833
80.1850357055666,6.97429323196411
80.1846160888672,6.97428178787254
80.1841354370118,6.97440004348761
80.1837768554689,6.97456216812134
80.1832809448242,6.97484016418468
80.1827697753907,6.97509288787836
80.1823654174806,6.97531223297125
80.1819763183595,6.97546005249035
80.181625366211,6.97568082809471
80.1811447143558,6.97606182098389
80.1807403564456,6.97639894485474
80.1803817749026,6.97673416137701
80.1800460815431,6.97698497772228
80.1796646118166,6.97722005844128
80.1795272827149,6.97781705856335
80.1798782348635,6.9781060218811
80.1802368164064,6.97838020324707
80.1806030273438,6.97869920730602
80.1809997558595,6.97906112670904
80.18132019043,6.97940778732323
80.1816177368165,6.9798130989077
80.1817932128908,6.98017597198492
80.1819381713867,6.98062705993658
80.1820526123047,6.98106193542492
80.1821899414063,6.98148393630981
80.1823348999025,6.9819350242617
80.1824798583987,6.98241376876831
80.1826171875001,6.98280620574957
80.1827087402344,6.98331403732294
80.1827545166016,6.98375177383417
80.1828079223633,6.98427391052257
80.1828842163085,6.98485517501831
80.1829452514648,6.98555421829224
80.182960510254,6.9859619140625
80.1829223632814,6.98652982711798
80.1829071044924,6.98709678649925
80.182929992676,6.98758983612083
80.182929992676,6.98830318450939
80.1829223632814,6.98906183242809
80.1829223632814,6.98951292037958
80.1829376220705,6.99000787734997
80.1829071044924,6.99063205719006
80.1828994750977,6.99112701416021
80.1828994750977,6.99169397354132
80.182830810547,6.99233484268183
80.1826477050784,6.99299097061163
80.1825485229494,6.99360418319702
80.1824722290042,6.99427223205572
80.182502746582,6.99470996856695
80.1823806762696,6.99516105651867
80.1822738647464,6.99555492401123
80.1821899414063,6.99600601196312
80.1821212768554,6.99651479721064
80.1820220947266,6.99702501297008
80.1817932128908,6.99760913848888
80.1816024780275,6.99801683425898
80.1814041137697,6.99844121932989
80.1811981201174,6.9989509582519
80.1810150146486,6.99937295913696
80.1808090209963,6.99979686737083
80.1805343627931,7.0002908706665
80.1802749633789,7.00080394744884
80.1800765991213,7.00119781494141
80.1798019409183,7.00169515609741
80.1795806884767,7.00220298767101
80.1793518066407,7.00262689590465
80.1790771484375,7.00306701660151
80.1787185668947,7.00357818603527
80.1782836914065,7.00398778915411
80.177833557129,7.00420713424683
80.1773529052734,7.00451707839966
80.1770019531252,7.00483798980713
80.1765975952148,7.00526189804077
80.1762847900391,7.00572919845604
80.1760482788088,7.00612401962292
80.1757583618165,7.00660419464106
80.1754837036135,7.00704383850103
80.1752243041995,7.00748205184931
80.1750411987308,7.00783300399792
80.1748199462892,7.00822687149048
80.1746063232422,7.00870800018311
80.1743621826172,7.00923204422008
80.174186706543,7.0098290443421
80.1741180419922,7.01028299331688
80.1741790771485,7.01073217391962
80.1742706298831,7.01112413406383
80.1743698120118,7.0116782188415
80.174415588379,7.01220178604126
80.1743774414063,7.0126237869265
80.1742477416993,7.01303195953369
80.1740722656253,7.01342582702642
80.1738281250001,7.01392078399658
80.1735687255861,7.01431512832642
80.1733551025391,7.01483917236339
80.1731948852541,7.01529312133795
80.1730194091799,7.01597595214855
80.1729202270511,7.01647281646729
80.1727905273438,7.01686477661144
80.1726608276368,7.01734781265264
80.1725387573245,7.01781320571894
80.172431945801,7.01826477050793
80.1723785400393,7.0186591148377
80.1723098754883,7.01922607421886
80.1722259521486,7.01982307434088
80.1720809936524,7.02026081085228
80.1720199584961,7.02075576782227
80.1720275878906,7.02117681503307
80.1720123291015,7.02183389663696
80.1719894409183,7.02234220504761
80.1720352172853,7.02276420593284
80.1719741821292,7.02327394485485
80.1718597412111,7.02366781234741
80.171745300293,7.02417707443237
80.1716079711917,7.02474594116211
80.1714324951171,7.0254888534547
80.1713485717774,7.02588081359869
80.1713027954103,7.026288986206
80.1712341308597,7.02681398391729
80.1711349487305,7.02733802795404
80.1709899902344,7.02784776687628
80.1707916259766,7.02844476699829
80.1706924438477,7.02888298034674
80.1705627441407,7.02943706512463
80.1704025268555,7.02999114990234
80.1702194213868,7.03041219711315
80.1698379516602,7.03093910217297
80.1695632934572,7.03133487701416
80.1692504882813,7.03182983398449
80.1690750122071,7.03229713439936
80.1691513061523,7.03274583816528
80.1692123413086,7.03322696685785
80.1691970825197,7.03376483917236
80.1691970825197,7.03423023223888
80.1692276000977,7.03490018844599
80.1692504882813,7.03533792495739
80.1692657470704,7.03594779968267
80.1692199707032,7.0365161895752
80.1691665649414,7.03702592849754
80.1690826416016,7.03755092620844
80.1689682006836,7.03802919387817
80.1688232421877,7.03846883773798
80.1686553955079,7.03896379470831
80.1685104370118,7.03938484191895
80.1683349609376,7.03979587554937
80.1681594848636,7.04017400741583
80.1679153442383,7.04068422317505
80.1677551269532,7.0410947799682
80.1676712036135,7.04161691665661
80.1675720214845,7.04209709167492
80.1674728393556,7.04262208938599
80.1673049926758,7.04314804077154
80.1670989990236,7.04371595382702
80.1669692993165,7.04413986206066
80.1669006347658,7.04460477828991
80.166717529297,7.04533386230474
80.1663970947266,7.04561185836792
80.1663513183594,7.04602003097546
80.1664886474609,7.04646921157837
80.1667327880859,7.04681777954113
80.1669235229492,7.04718017578125
80.1671752929688,7.04778814315796
80.1672668457033,7.04821014404308
80.167350769043,7.0487780570985
80.1674118041995,7.04917192459106
80.1673889160159,7.04973888397217
80.1672439575195,7.05032110214239
80.1670989990236,7.05078792572021
80.1669692993165,7.05116605758667
80.1668548583984,7.05166292190563
80.1667709350587,7.05205678939819
80.1666412353518,7.05249309539806
80.1665725708008,7.05288505554205
80.1664733886718,7.05329322814941
80.1662139892579,7.05376195907598
80.1659469604494,7.05417013168335
80.1656341552735,7.05441808700562
80.1652526855469,7.05466890335106
80.164894104004,7.05497694015514
80.1645126342775,7.05526876449579
80.1641845703124,7.05559206008911
80.1642379760744,7.05601215362543
80.1643142700196,7.05647897720348
80.1643447875979,7.05690002441406
80.1643753051757,7.05733585357672
80.1643066406251,7.05777311325085
80.1642074584961,7.05822515487665
80.1642379760744,7.05864620208763
80.1643524169925,7.05908203125011
80.1644897460938,7.05946016311651
80.1647491455081,7.06014394760138
80.1648788452149,7.06051683425909
80.16471862793,7.06094121932983
80.1652069091797,7.06099796295172
80.1656723022464,7.06141805648804
80.1662445068362,7.06183719635004
80.1667098999025,7.06202411651634
80.1671066284181,7.06221103668207
80.1673431396485,7.06258678436291
80.1673431396485,7.06306791305548
80.1671829223634,7.0634617805481
80.1669540405274,7.06389999389654
80.1669692993165,7.06436491012579
80.1670684814453,7.06477022171026
80.1672210693362,7.06519222259533
80.1675109863282,7.0656270980835
80.1678466796877,7.06594419479381
80.1682586669922,7.0663361549378
80.1687850952148,7.06676912307734
80.1691741943361,7.06713104248058
80.1696014404297,7.06756687164307
80.169921875,7.0678701400758
80.1703491210939,7.06824779510504
80.1708145141603,7.06860780715948
80.1711654663087,7.0688390731811
80.1716766357424,7.06924390792869
80.1721115112305,7.06960391998302
80.1725082397462,7.06987810134899
80.1736755371095,7.07079219818115
80.1740646362308,7.07176685333258
80.1744003295899,7.07280206680309
80.1746292114259,7.07382297515881
80.1747741699219,7.07485485076899
80.1749420166016,7.07600593566895
80.1752014160157,7.07701206207281
80.1754760742189,7.07800292968761
80.1758270263671,7.07900810241705
80.1761856079104,7.0799698829652
80.1765365600587,7.08100223541283
80.1769104003907,7.08198022842402
80.1773452758788,7.08295583724976
80.1778793334964,7.08387422561651
80.1783142089844,7.08481979370117
80.1786651611331,7.0858678817749
80.1790695190429,7.08683013916016
80.1796798706056,7.08773517608643
80.18025970459,7.08872604370123
80.1805725097659,7.08977508544928
80.1807632446292,7.09080886840843
80.1808013916016,7.09185791015648
80.1816558837891,7.09247112274176
80.1827239990236,7.09272193908703
80.183708190918,7.0930290222168
80.1847000122071,7.09351015090942
80.1850585937501,7.09447193145758
80.1850891113282,7.09553384780907
80.1850433349609,7.09661197662354
80.1849822998046,7.09764480590826
80.1850051879885,7.09870910644537
80.1850738525391,7.09984397888189
80.1853179931643,7.10086488723766
80.1863555908205,7.1009378433227
80.1872634887695,7.1004319190979
80.1882629394533,7.10003995895408
80.1892852783204,7.09975004196161
80.1901931762695,7.09922885894775
80.1912078857422,7.09890890121471
80.1922607421877,7.0991029739381
80.1931152343751,7.09969997406017
80.1938552856446,7.10044288635254
80.194450378418,7.1013321876527
80.1950454711917,7.10231018066406
80.195510864258,7.1032280921936
80.1956405639651,7.10436296463035
80.1955490112305,7.1053981781007
80.1951522827148,7.10640096664429
80.1950607299808,7.10743284225464
80.1952667236331,7.10854101181042
80.1960220336917,7.10941886901867
80.196846008301,7.11017513275158
80.1971664428714,7.11115121841436
80.1975555419925,7.11211299896252
80.1981048583987,7.11304521560669
80.198600769043,7.11399316787731
80.1991958618165,7.11491107940685
80.1999816894532,7.11577320098877
80.2008361816408,7.11641597747808
80.2016983032227,7.1170129776001
80.2026977539065,7.11745309829718
80.2036743164062,7.11778783798218
80.2045745849611,7.1182999610902
80.2054595947266,7.11885404586792
80.2064056396484,7.11941003799438
80.2071914672852,7.1202130317688
80.2078018188477,7.12111520767218
80.2080459594729,7.12213611602789
80.2080993652345,7.12325477600109
80.2080001831056,7.12428998947144
80.207458496094,7.12519216537481
80.20671081543,7.12601995468145
80.2065658569338,7.12708377838135
80.2073364257814,7.1277680397036
80.2082366943362,7.128424167633
80.2084350585937,7.12945890426647
80.2082138061526,7.13047790527338
80.2076110839844,7.13133478164684
80.2067260742187,7.13194608688366
80.20573425293,7.13226222991966
80.2046966552735,7.13233518600475
80.2037200927736,7.13272476196289
80.203063964844,7.13356781005859
80.2022171020508,7.13429498672485
80.2011566162112,7.13420581817621
80.2000808715822,7.13374185562145
80.199203491211,7.13343191146862
80.198196411133,7.13316679000854
80.1971359252931,7.13338088989269
80.196212768555,7.13390302658104
80.1953506469727,7.13454389572155
80.1944046020508,7.13506603240978
80.193374633789,7.13516378402721
80.1923370361329,7.13497495651251
80.1913452148438,7.13456392288214
80.1902999877933,7.13412380218506
80.1891937255859,7.13410615921015
80.18807220459,7.13416481018066
80.1869812011719,7.13413381576561
80.1859130859378,7.13423204421997
80.1848678588868,7.13434505462652
80.1837768554689,7.13431596755987
80.1826782226565,7.13415384292597
80.1816482543946,7.13397598266613
80.1805572509768,7.13375520706177
80.1794662475586,7.13355016708368
80.1783981323243,7.13324022293085
80.1773376464847,7.13313817977917
80.1761703491214,7.13335418701172
80.1751098632814,7.13358402252197
80.1739730834963,7.13353919982922
80.1730957031251,7.13286590576195
80.1729125976564,7.13183212280279
80.1726379394533,7.13079881668091
80.1719741821292,7.12992382049572
80.1711425781251,7.12920808792114
80.1706085205079,7.12826013565069
80.1698532104493,7.12744379043579
80.1687698364257,7.12732601165777
80.1679000854493,7.12809610366821
80.1668167114261,7.12809181213379
80.1665878295899,7.12708616256714
80.1670837402345,7.12614297866816
80.1667098999025,7.12512207031244
80.1659393310549,7.12432003021252
80.1650695800782,7.1237521171571
80.1640930175782,7.12325477600109
80.1630020141604,7.12310504913341
80.1620101928712,7.12342405319214
80.1612930297854,7.12418079376226
80.1608810424805,7.12519884109508
80.1606597900391,7.12633180618286
80.1604690551758,7.12743997573864
80.160339355469,7.12848615646362
80.1602020263672,7.12956380844139
80.1600646972657,7.13061189651495
80.1599502563479,7.13173389434809
80.1595535278321,7.13279294967651
80.1589355468751,7.13370990753174
80.1583786010743,7.13477182388306
80.158088684082,7.13558483123785
80.1579971313477,7.13662004470831
80.1578369140626,7.13766622543329
80.1576538085939,7.13876008987432
80.1573638916017,7.13980579376221
80.1569519042969,7.14079523086548
80.1564559936524,7.14174079895031
80.1559371948243,7.14273023605358
80.1554412841799,7.14366006851208
80.1549606323243,7.14469289779674
80.1545028686525,7.14578390121466
80.1539459228517,7.14677095413214
80.1535949707032,7.14777612686169
80.1534576416017,7.148838043213
80.1534729003909,7.14991712570213
80.1535720825195,7.1510219573974
80.153861999512,7.15207290649425
80.1540756225585,7.15307521820074
80.1542053222657,7.15410995483404
80.1541976928712,7.15526103973394
80.1541976928712,7.15630722045893
80.1540527343753,7.1574010848999
80.1540908813477,7.15846300125122
80.1542205810548,7.15956878662132
80.1543350219727,7.16067600250244
80.1544876098635,7.16184091567993
80.1547470092774,7.16286182403564
80.1550216674808,7.16385078430187
80.1552810668947,7.16495895385742
80.1554260253906,7.16602277755732
80.1553802490237,7.16714191436773
80.155197143555,7.16823577880854
80.1549758911134,7.16926622390758
80.1546554565429,7.17024183273315
80.1544342041018,7.17131805419922
80.1542663574218,7.17249822616577
80.154136657715,7.17351722717291
80.1539459228517,7.17466592788702
80.1536788940433,7.17566776275646
80.1533279418945,7.17667388916016
80.1530456542969,7.17770576477056
80.1527633666992,7.17884111404413
80.1523513793948,7.17988681793207
80.15185546875,7.18080282211304
80.1511993408206,7.18183612823492
80.1504974365236,7.1826357841494
80.1494445800782,7.18276309967035
80.1484298706055,7.18290901184088
80.1475982666015,7.18351793289207
80.1468200683597,7.18430185318005
80.1461486816407,7.18524789810192
80.145622253418,7.1862797737121
80.1453247070312,7.18728303909313
80.1459350585939,7.1881880760194
80.1469421386719,7.18770885467541
80.1476135253906,7.18692493438721
80.148406982422,7.18612480163569
80.1492767333987,7.18558979034424
80.1502227783206,7.18618679046631
80.1509933471683,7.18688917160034
80.151985168457,7.18659877777105
80.1528778076173,7.18597507476818
80.1536636352542,7.18523406982422
80.1543350219727,7.18442010879511
80.1549835205079,7.18353414535545
80.1558990478516,7.18275022506714
80.1569366455078,7.18259191513062
80.1579437255861,7.18294286727917
80.1586380004886,7.1837158203125
80.1591567993165,7.18465089797968
80.1593627929689,7.18565320968639
80.1595306396485,7.18670177459722
80.15975189209,7.1877660751345
80.1599807739261,7.18881511688255
80.160255432129,7.18986320495611
80.1605834960938,7.19088411331182
80.1613388061523,7.19161319732672
80.1623306274416,7.19209384918207
80.1632919311525,7.19157218933111
80.1639480590821,7.19065618515015
80.1649856567385,7.1902818679809
80.1659927368165,7.19073390960693
80.1667861938477,7.19140577316278
80.1675186157227,7.19223785400402
80.1682434082033,7.19300985336304
80.1692733764649,7.19302606582642
80.1703262329103,7.19285488128662
80.1714172363284,7.19285488128662
80.1723937988281,7.19246578216553
80.1733016967776,7.19197082519537
80.1742172241212,7.19246816635132
80.1751327514649,7.19302415847784
80.176139831543,7.19270515441889
80.1770477294922,7.19205284118652
80.1780090332032,7.1914582252503
80.1790161132814,7.19121217727667
80.1801910400393,7.19128704071051
80.1811981201174,7.19158077240013
80.1821441650392,7.19203519821178
80.183029174805,7.19269084930431
80.184005737305,7.19318819046032
80.1842193603515,7.19422292709373
80.1837844848634,7.1952419281007
80.1833724975587,7.19620084762579
80.1834564208984,7.19727897644066
80.1835403442383,7.1983408927918
80.1829833984376,7.19930076599121
80.1828536987308,7.20033597946167
80.1826400756837,7.20138216018688
80.1825942993165,7.20245981216431
80.1830596923831,7.2034220695495
80.183464050293,7.20450019836437
80.1833572387696,7.20556211471569
80.1831359863281,7.20661020278942
80.1833267211914,7.20767211914074
80.1834564208984,7.20869302749645
80.1836853027345,7.20972585678112
80.1839981079104,7.21077394485468
80.1843338012696,7.21176481246948
80.1845474243165,7.21282815933233
80.1848678588868,7.21392107009882
80.1851577758792,7.21498394012463
80.1854858398438,7.21606206893944
80.1857604980469,7.21705293655407
80.1860046386719,7.21808815002441
80.1862106323243,7.21928215026867
80.1862335205079,7.22034406661999
80.1861572265627,7.22139310836803
80.1859054565433,7.2224550247193
80.1854400634766,7.22339820861811
80.1850433349609,7.22440290451044
80.1847610473636,7.22543621063255
80.1847000122071,7.2264838218689
80.1848907470704,7.22750520706182
80.1847381591798,7.22858095169067
80.1843872070315,7.2296571731568
80.1841049194337,7.23070478439331
80.1837997436526,7.23169422149658
80.1837387084962,7.23274278640753
80.1835632324219,7.23377513885498
80.1838607788088,7.23481178283703
80.1846008300781,7.23566913604748
80.1854782104493,7.2362108230592
80.1864089965821,7.23683786392212
80.1873397827149,7.23748111724865
80.1883239746094,7.2380509376527
80.1892700195313,7.23847484588634
80.1903076171878,7.2386679649353
80.1913986206055,7.23882818222057
80.1924362182617,7.23880290985113
80.1933059692383,7.23938608169567
80.1934356689453,7.24044799804693
80.194160461426,7.2412672042849
80.1951522827148,7.24093389511103
80.1963500976563,7.24090576171869
80.1970138549805,7.24172496795666
80.1975097656251,7.24267101287853
80.1980438232422,7.243646144867
80.1985244750976,7.24459409713751
80.1986236572266,7.24565792083735
80.1985015869143,7.24672079086315
80.1981811523439,7.24776697158813
80.1977691650391,7.24879884719849
80.1974029541017,7.24981784820562
80.1971664428714,7.25093889236445
80.1968002319335,7.25197219848656
80.196144104004,7.25280094146729
80.1953353881838,7.25346899032598
80.1944732666018,7.25415086746227
80.1936721801758,7.25486183166515
80.1932907104493,7.2558641433717
80.1936264038086,7.25722503662132
80.1940917968753,7.25679922103888
80.1950073242188,7.25624990463268
80.1961059570312,7.25597381591791
80.1972122192385,7.25599002838129
80.198226928711,7.25635719299328
80.1992797851562,7.25660514831566
80.2003402709962,7.2566962242127
80.2013778686523,7.25666904449486
80.2024230957032,7.25703382492065
80.2031478881838,7.25789499282848
80.2037048339845,7.25880002975475
80.2041473388672,7.25978899002081
80.2045974731448,7.26075077056896
80.2050628662111,7.26166915893555
80.2056884765626,7.26263284683233
80.2063293457034,7.26356315612787
80.2068634033204,7.26462793350242
80.2073822021485,7.26556205749534
80.2081527709962,7.26648092269903
80.2088699340822,7.26725292205822
80.2094726562501,7.26815795898449
80.2100296020508,7.26903104782127
80.2107238769531,7.27000904083246
80.211410522461,7.27101421356207
80.2120895385744,7.27188920974743
80.2128448486328,7.27275085449213
80.2136154174806,7.27356576919567
80.2145004272464,7.27429580688499
80.2154769897464,7.27485179901129
80.216453552246,7.27527618408203
80.2174453735353,7.27571296691895
80.2184753417969,7.27613687515264
80.2196121215821,7.27653408050548
80.2207641601563,7.27709007263178
80.2218933105469,7.27767276763922
80.2228240966797,7.27815723419195
80.2237319946291,7.27876996994019
80.2246475219726,7.27926683425926
80.2257080078126,7.27985000610357
80.2264480590821,7.28056621551536
80.2270584106446,7.28152704238892
80.2276535034181,7.28243017196678
80.2283782958985,7.28327798843395
80.2294006347659,7.28383207321167
80.2304306030275,7.2841992378236
80.2314682006837,7.28453588485741
80.2324523925784,7.28501892089844
80.2332382202148,7.2857460975647
80.2339248657227,7.28654813766479
80.2346496582032,7.28732299804688
80.2353744506838,7.28806591033947
80.2361907958985,7.28897094726557
80.236885070801,7.2898168563845
80.2377166748047,7.29048681259167
80.2387466430667,7.29105710983271
80.2398147583008,7.29145288467407
80.2408752441406,7.29192018508917
80.2417449951172,7.29262018203735
80.242370605469,7.29358386993431
80.2430801391602,7.29444313049322
80.2438507080079,7.29512882232666
80.2448120117189,7.29562616348267
80.2458496093752,7.29606580734264
80.2468490600587,7.29644393920904
80.2478408813477,7.29688405990612
80.2487411499025,7.29743814468384
80.2496490478516,7.29821300506592
80.2504196166992,7.29907178878807
80.25114440918,7.2998881340028
80.2518692016603,7.30072021484381
80.2527008056641,7.30152177810669
80.2535552978516,7.30223798751831
80.2544860839844,7.30273485183722
80.2554779052735,7.30317211151123
80.2564239501954,7.30366897583031
80.2574386596683,7.30404996871948
80.258430480957,7.30441713333141
80.2594223022463,7.30473804473871
80.260513305664,7.3050618171693
80.2615203857424,7.30562877655024
80.2624664306642,7.30631780624401
80.2632217407228,7.30706119537365
80.2640075683594,7.30795001983654
80.2646179199219,7.30879688262939
80.2652130126954,7.30964279174816
80.2660369873046,7.31044292449951
80.267044067383,7.31086683273315
80.2681808471681,7.31116104125988
80.2692108154297,7.31139612197887
80.2702941894533,7.31164598464966
80.2713394165042,7.31182193756109
80.2724761962892,7.31214523315424
80.2734069824219,7.31261301040655
80.2741317749024,7.31335592269897
80.2749023437501,7.31407117843628
80.2758789062501,7.3146247863769
80.2769546508791,7.31478881835938
80.277946472168,7.31448411941528
80.2789382934571,7.31409406661987
80.2800064086916,7.31380510330206
80.2810974121097,7.3136310577392
80.2821350097657,7.31350088119518
80.2832412719728,7.31344509124762
80.284278869629,7.31324577331566
80.2852249145508,7.31273603439331
80.2862548828124,7.3126420974732
80.287338256836,7.3127698898316
80.2884750366212,7.31306219100952
80.2895202636719,7.31366109848034
80.2907180786133,7.31388378143311
80.2917556762698,7.31394100189203
80.2927551269531,7.31425094604487
80.2938079833985,7.31451320648188
80.2948379516601,7.31469106674194
80.2959289550782,7.31495285034191
80.2969665527345,7.31517410278332
80.2979888916016,7.3153071403504
80.2991104125977,7.31539487838751
80.3002319335939,7.31547307968151
80.3013992309571,7.31561899185186
80.3025207519533,7.31579685211204
80.303565979004,7.31608819961548
80.3048782348633,7.31661701202393
80.3055877685547,7.3169522285462
80.3066406250003,7.31747913360607
80.3074340820312,7.31822204589844
80.3083419799808,7.31896686553961
80.3093109130862,7.31949281692499
80.3102569580081,7.31990098953253
80.3113555908204,7.31978702545172
80.3123168945313,7.31927919387829
80.3132934570314,7.31887292861933
80.3143615722656,7.31871604919434
80.3154220581058,7.31871795654291
80.3162078857421,7.31943178176886
80.3166885375977,7.32040977478027
80.317108154297,7.32139921188354
80.3174514770508,7.32241678237909
80.3179779052736,7.32354116439842
80.3184509277347,7.32445716857922
80.3192520141601,7.32536220550548
80.3200988769532,7.32598876953125
80.3210601806641,7.32635593414318
80.3255157470706,7.32714176177973
80.3261566162111,7.32658815383911
80.3267135620117,7.32599115371704
80.3274230957034,7.32546710968029
80.3281707763673,7.32508897781383
80.328857421875,7.32465076446539
80.3295745849609,7.32424306869507
80.3303756713869,7.32389211654669
80.3310775756835,7.32345390319819
80.3318634033203,7.32298707962036
80.3325195312501,7.32253599166864
80.3332366943361,7.32209777832037
80.3340072631836,7.32181978225708
80.3348007202149,7.32161521911627
80.3355865478516,7.32151317596436
80.3363876342776,7.32139587402338
80.3371810913085,7.3213782310487
80.3380584716797,7.3212051391601
80.3388442993165,7.32092714309698
80.3396148681642,7.32075119018555
80.3403778076173,7.32099819183344
80.3407745361331,7.32168102264404
80.341194152832,7.32234907150291
80.341194152832,7.3231630325318
80.340934753418,7.32394886016857
80.3411788940433,7.32485198974609
80.3417510986331,7.32550287246715
80.3423538208008,7.32611417770397
80.3429794311524,7.32708978652948
80.3431777954102,7.32881689071667
80.3442611694336,7.33047914505028
80.3455657958987,7.33222723007208
80.3462753295899,7.33417797088629
80.3471298217775,7.33605813980125
80.3481826782227,7.33780622482305
80.3490829467774,7.33967113494879
80.3483428955079,7.34152984619163
80.3466720581056,7.34256982803345
80.3451080322266,7.34374094009411
80.3441772460938,7.34548187255859
80.3441085815431,7.34753084182734
80.3444366455078,7.3495388031007
80.3453750610354,7.35134696960449
80.3469314575195,7.35260200500488
80.3487091064454,7.35361194610596
80.3504867553712,7.35456180572521
80.3521881103516,7.35552883148193
80.353729248047,7.35678482055658
80.3547668457033,7.35860776901245
80.3551864624024,7.36052703857422
80.3551635742189,7.36247777938843
80.3546676635743,7.3644518852235
80.3541946411135,7.36636781692516
80.3537216186525,7.3683881759643
80.35319519043,7.37027502059937
80.3523406982422,7.37217617034912
80.351531982422,7.37401914596552
80.3506164550782,7.37579011917114
80.3496627807618,7.37763404846197
80.3486328124999,7.37931585311895
80.3472518920901,7.38074684143078
80.3454208374025,7.38165903091436
80.3446426391602,7.38347291946417
80.3453903198242,7.38532209396374
80.3468017578126,7.38669395446783
80.3488616943361,7.38706493377697
80.3498458862305,7.38669395446783
80.3506851196292,7.38637495040894
80.3522415161136,7.38510084152244
80.3542098999025,7.38480377197271
80.3559875488282,7.38569498062145
80.3572082519531,7.38581800460815
80.3579788208007,7.38589382171631
80.3591461181642,7.38603019714355
80.3599243164064,7.38628816604614
80.3610916137695,7.38654279708862
80.3626022338869,7.38781499862665
80.3643951416016,7.38879680633539
80.3661575317386,7.38973379135138
80.3680648803714,7.39065694808966
80.3701477050784,7.39076614379883
80.3721084594727,7.39074420928949
80.3741073608399,7.39044523239136
80.3760452270509,7.3909778594973
80.377540588379,7.39226198196417
80.3788757324219,7.39375019073498
80.3794631958008,7.39436817169184
80.3807144165041,7.39449977874762
80.3826980590821,7.39447689056396
80.3846359252933,7.39489221572899
80.3862533569338,7.39598798751837
80.3881912231446,7.39618396759039
80.3901290893555,7.39668512344372
80.3921203613281,7.39638900756842
80.3936386108398,7.39512920379639
</coordinates>
</LinearRing>
</outerBoundaryIs>
</Polygon>