<Polygon>
<outerBoundaryIs>
<LinearRing>
<coordinates>
80.606872558594,9.12603664398199
80.6073989868165,9.12602519989014
80.6080245971679,9.12604331970226
80.6086730957032,9.12594985961937
80.6093063354493,9.12577724456787
80.6098022460939,9.12559223175072
80.6103057861331,9.12537765502952
80.6109161376955,9.12514972686768
80.6114349365237,9.12503814697266
80.6120452880859,9.12489700317377
80.6126022338867,9.12478256225592
80.6130142211916,9.1246709823609
80.6135025024415,9.12445735931396
80.6139984130861,9.12422657012945
80.6144256591797,9.12408638000483
80.6149673461915,9.12391185760492
80.6153945922852,9.12375736236578
80.6157913208009,9.12360000610352
80.6162033081058,9.12339973449713
80.6166915893555,9.12322902679455
80.6171722412112,9.1232471466065
80.6177520751953,9.1233377456665
80.6182250976563,9.12339973449713
80.6186904907229,9.12344455719006
80.6191329956056,9.12350654602045
80.6197738647462,9.12365722656244
80.6202697753908,9.12371921539307
80.6208801269532,9.12382602691662
80.6214675903321,9.1239013671875
80.6219635009766,9.12395095825195
80.6224060058594,9.12389373779297
80.6228332519532,9.12370681762707
80.6233291625978,9.12339019775396
80.6237030029299,9.12311744689936
80.6242141723636,9.12278556823742
80.6246719360353,9.12248611450201
80.6250534057619,9.12216854095459
80.6254653930665,9.12183570861816
80.6257934570314,9.1215648651123
80.6261291503909,9.12127494812023
80.6265716552736,9.12100219726562
80.6269531250002,9.12077236175531
80.6273803710938,9.12052822113048
80.6277618408204,9.12029838562017
80.6280746459961,9.11998081207281
80.6304626464844,9.11880683898926
80.6307220458984,9.11858844757091
80.6312332153321,9.11824035644537
80.6317367553713,9.11784839630121
80.632179260254,9.1174259185791
80.6326065063479,9.11699104309093
80.6331024169922,9.11649608612061
80.6335601806643,9.11610412597662
80.6341781616211,9.11594486236578
80.6347351074218,9.11641407012945
80.635124206543,9.11702919006342
80.6354904174804,9.11754226684576
80.6359252929689,9.1180982589724
80.6362762451172,9.11859703063976
80.6365661621094,9.11919689178467
80.6368026733401,9.11975288391113
80.6371383666993,9.12041187286383
80.6421279907229,9.11871814727806
80.6424865722657,9.11872673034674
80.6428451538087,9.11859321594238
80.643493652344,9.11830329895031
80.644157409668,9.11807346344
80.6447448730469,9.11787033081055
80.645362854004,9.1176967620849
80.6459350585939,9.11739444732666
80.6464920043946,9.11701583862316
80.6468200683594,9.11647796630865
80.6470870971683,9.11592578887951
80.6473236083984,9.1152105331422
80.64754486084,9.11458396911632
80.6476821899417,9.11394119262701
80.6477966308594,9.11326885223389
80.647872924805,9.11261463165306
80.6480712890628,9.11197185516363
80.6482620239261,9.11128616333013
80.6485443115235,9.11067485809332
80.6487350463868,9.11009216308605
80.6489334106446,9.10952377319342
80.6491088867188,9.10892677307152
80.6491851806643,9.10831165313715
80.6493072509766,9.10762786865229
80.6493682861329,9.10699939727783
80.6494598388674,9.10637378692638
80.6495056152344,9.1060209274292
80.6495666503909,9.105612754822
80.6496276855469,9.10492897033697
80.6497039794922,9.10433006286615
80.6498184204102,9.10368728637707
80.6499862670898,9.1030330657959
80.6502227783205,9.10230159759521
80.6504058837892,9.10155868530279
80.6505355834964,9.10096073150646
80.6506423950196,9.10029125213623
80.6508331298829,9.09958934783941
80.6510162353516,9.09889030456549
80.651191711426,9.09829330444359
80.6512985229495,9.09764957428001
80.6513595581056,9.09698009490978
80.651512145996,9.09630966186523
80.6516342163087,9.0956974029541
80.6517105102538,9.09499454498297
80.6517715454102,9.09439754486095
80.6518020629883,9.09375476837164
80.6518020629883,9.09307098388678
80.6516876220706,9.09235477447521
80.6515579223635,9.09173965454102
80.6515502929689,9.09101104736339
80.651565551758,9.0901794433596
80.6515426635744,9.08957862854004
80.6513214111328,9.08899593353277
80.6508712768555,9.08859729766851
80.6505661010742,9.08805656433111
80.6505355834964,9.08737277984625
80.6506576538087,9.08673095703131
80.650764465332,9.08601474761986
80.6508712768555,9.08530235290527
80.6509628295898,9.08454036712646
80.6510391235352,9.08393001556408
80.6511840820314,9.08319759368891
80.6512298583985,9.0825567245484
80.651237487793,9.08184242248558
80.651222229004,9.08121490478538
80.6511993408203,9.0804834365847
80.6512145996094,9.07973957061768
80.6512603759766,9.0791406631472
80.6516036987305,9.07855987548834
80.6520919799804,9.07819652557373
80.6526794433594,9.0780239105224
80.653289794922,9.07783699035667
80.6538696289062,9.07747268676763
80.6544265747072,9.07724285125732
80.6550674438477,9.07715797424311
80.655700683594,9.07723331451439
80.6563415527345,9.07742500305181
80.6569747924805,9.07751369476318
80.6575927734378,9.07748889923096
80.6582336425783,9.07730197906506
80.6588668823243,9.07702636718773
80.6594390869141,9.07676601409912
80.660026550293,9.07650375366211
80.6605911254883,9.07625770568848
80.6612472534179,9.07591247558605
80.6617813110354,9.07559490203863
80.6622772216797,9.07521438598656
80.662811279297,9.07489490509045
80.6633377075195,9.07456207275396
80.6639709472658,9.07444763183588
80.6646270751954,9.07450771331793
80.6653594970704,9.07452583312988
80.6660614013674,9.07464694976801
80.6666793823243,9.07463264465343
80.6672973632814,9.07465076446539
80.6680603027345,9.07474231719965
80.6686019897462,9.07500743865972
80.6690521240237,9.07546043396002
80.6694030761722,9.07595920562756
80.6697387695313,9.07651329040527
80.6701736450198,9.07718563079857
80.670524597168,9.07771396636957
80.6709747314453,9.07816791534435
80.6714477539063,9.07856369018555
80.6718368530274,9.07906436920166
80.6722717285159,9.07961654663092
80.6728591918948,9.07995700836193
80.6734924316408,9.08017826080317
80.6742401123049,9.08032608032227
80.6748199462892,9.0805473327639
80.6754989624025,9.08092975616461
80.6761856079102,9.08123779296881
80.6768722534183,9.08153438568115
80.6775588989258,9.08193111419683
80.6781921386722,9.08215236663841
80.6789474487308,9.08238887786877
80.6796264648438,9.08265495300293
80.6802062988282,9.08283138275146
80.6807937622071,9.08306789398193
80.681526184082,9.0832023620606
80.6822586059572,9.08314514160162
80.6828765869141,9.08286952972412
80.6833953857424,9.08255290985107
80.6839675903322,9.0821037292481
80.6844635009767,9.08169364929199
80.6850585937503,9.08120059967041
80.6855239868166,9.08073425292963
80.6860580444336,9.08019638061529
80.6865615844728,9.07968807220465
80.68701171875,9.07919597625755
80.6874542236329,9.0786561965943
80.687812805176,9.07813072204596
80.6882247924805,9.07750701904297
80.6886215209962,9.07701015472418
80.6891403198244,9.07656097412109
80.689636230469,9.07611179351812
80.6901397705079,9.0756883621217
80.6906356811523,9.07529640197754
80.6910781860352,9.07485866546631
80.6915664672851,9.07446670532232
80.6915283203128,9.07385253906261
80.6916580200196,9.07318592071545
80.6918258666992,9.07249736785894
80.6918411254883,9.07179832458502
80.6917724609375,9.07105159759521
80.6916275024416,9.07026386260992
80.6914672851563,9.06959056854248
80.6912994384766,9.06894874572748
80.6911697387698,9.06833553314209
80.6912155151369,9.06772327423096
80.6913909912109,9.06713867187511
80.6914825439454,9.0664958953858
80.6914443969727,9.06579685211204
80.6914138793947,9.06515407562262
80.6913757324218,9.06449794769281
80.6913070678712,9.06379795074463
80.6911773681643,9.06315326690674
80.6909408569337,9.06245136261009
80.6907730102542,9.06186676025391
80.6906967163087,9.06122493743908
80.690544128418,9.06059646606457
80.6902770996095,9.05999565124534
80.6899566650391,9.05935573577875
80.6896820068359,9.05874061584478
80.6894073486329,9.05812454223627
80.6891632080079,9.05755519866949
80.6888809204104,9.05701255798351
80.6885375976562,9.05634117126465
80.6881561279297,9.05562496185308
80.6878509521485,9.05503940582275
80.6876068115236,9.05446720123291
80.6873321533206,9.05378055572533
80.687110900879,9.0532112121582
80.6868972778321,9.05261230468773
80.6866760253906,9.05200099945074
80.6864471435549,9.05136966705334
80.6863021850587,9.05069732666038
80.6859970092776,9.05011177062988
80.685676574707,9.0495719909668
80.6851501464844,9.04916095733654
80.68465423584,9.04879379272455
80.6841125488284,9.04828166961676
80.6836471557618,9.04788494110113
80.6831893920898,9.04741764068604
80.6827239990235,9.0469779968264
80.682243347168,9.04656505584722
80.6817016601564,9.04602336883551
80.6811599731446,9.0454826354981
80.6806488037111,9.04501342773449
80.6801834106447,9.04461669921881
80.6795959472658,9.04420566558838
80.6790161132814,9.04380989074707
80.6784744262695,9.04344272613525
80.6779174804688,9.04295730590826
80.6774673461914,9.04251766204845
80.6770172119142,9.04197692871105
80.6767807006837,9.04137802124023
80.6768569946292,9.04076480865479
80.6768569946292,9.04013633728033
80.6768646240237,9.03952503204346
80.6767959594727,9.0388822555542
80.6767501831056,9.03818035125755
80.6767578125,9.03740787506115
80.6767578125,9.03677940368664
80.6767730712891,9.03615379333519
80.6768035888672,9.03552532196051
80.6767807006837,9.03472137451183
80.6767120361328,9.03412055969238
80.676612854004,9.03340816497797
80.6766433715821,9.0327787399292
80.6767196655275,9.03215217590326
80.6771774291993,9.03170299530052
80.6777801513673,9.03135395050055
80.6783981323245,9.03106498718273
80.679023742676,9.03094863891607
80.67977142334,9.03090763092047
80.6805343627931,9.0307817459107
80.681106567383,9.03057670593262
80.6818695068361,9.03036117553717
80.6825637817386,9.03023338317877
80.6832809448243,9.03022193908703
80.6839370727538,9.03025436401379
80.6845245361328,9.03044509887707
80.6851959228516,9.03076934814447
80.6859741210938,9.0311679840089
80.6865921020511,9.03148937225347
80.6871566772464,9.03188800811768
80.6876602172852,9.03228378295904
80.6882247924805,9.03263473510742
80.6887969970704,9.03289985656733
80.6893539428712,9.03314971923851
80.690055847168,9.03345775604259
80.6906967163087,9.03376770019543
80.691345214844,9.03406238555914
80.6919403076175,9.03433990478527
80.6924972534183,9.03460693359375
80.6931457519533,9.03491687774658
80.6936874389648,9.03518104553234
80.6943740844728,9.0355052947998
80.6949310302735,9.03576946258556
80.6954727172852,9.03603267669689
80.6961746215822,9.0364160537722
80.6967315673828,9.0366935729981
80.6974334716798,9.03706359863276
80.6980895996095,9.03738689422607
80.6987609863282,9.03768062591558
80.6993637084964,9.03796195983881
80.700050354004,9.03825569152826
80.7006225585938,9.03851985931408
80.7011871337891,9.03882980346691
80.701774597168,9.03918075561529
80.7023315429688,9.03956413269049
80.7029037475587,9.03998756408691
80.7033691406253,9.0403995513916
80.7039108276368,9.04082584381109
80.7044067382814,9.04122066497797
80.7049789428713,9.04164695739746
80.7055053710938,9.04204368591314
80.7060852050781,9.04251289367676
80.706596374512,9.04289436340332
80.7070846557617,9.04330444335949
80.7076950073243,9.04383277893066
80.708206176758,9.04427337646496
80.7087173461917,9.04472637176525
80.709213256836,9.04518222808844
80.7097244262697,9.04562187194824
80.7103118896486,9.04613494873053
80.710891723633,9.04661560058594
80.7114028930663,9.04702758789062
80.7119598388675,9.04746818542492
80.7125778198244,9.04796695709229
80.7130432128907,9.0483770370484
80.7135238647461,9.0488166809082
80.7141113281252,9.04927062988276
80.7146606445312,9.04965400695812
80.7152481079103,9.05006599426264
80.7157287597657,9.05045986175543
80.7162857055665,9.05084323883057
80.7168884277345,9.05115127563482
80.7174987792972,9.05147457122814
80.717628479004,9.05154800415045
80.7195358276368,9.05001354217552
80.7211914062502,9.04895591735846
80.7227096557619,9.0479469299317
80.7243652343753,9.04687500000006
80.7260131835938,9.04581832885748
80.7277221679688,9.04473304748529
80.7294006347656,9.04370498657227
80.7310028076173,9.04292583465582
80.7326965332032,9.04205703735363
80.7343368530275,9.04102897644043
80.7358703613283,9.0400333404541
80.7374343872071,9.03917884826672
80.7391204833986,9.0383558273316
80.7409057617188,9.03753089904785
80.7425155639648,9.03666496276855
80.7441558837892,9.03567981719971
80.7457504272461,9.03485488891596
80.7474060058595,9.03410530090332
80.7489852905273,9.03316402435314
80.7506637573245,9.03226757049583
80.7522583007814,9.0313863754273
80.753974914551,9.03045940399164
80.755683898926,9.02954673767101
80.7573547363284,9.02868080139172
80.7589950561524,9.02779674530029
80.7606048583987,9.0269584655764
80.7623291015624,9.02620601654053
80.7639541625977,9.02526473999029
80.7654876708985,9.02422523498541
80.7670974731445,9.02324295043945
80.7686767578127,9.02233123779308
80.7704010009767,9.02143573760992
80.772026062012,9.02062702178955
80.7736968994141,9.01974201202398
80.775245666504,9.01889038085949
80.776794433594,9.01799392700218
80.77840423584,9.01699829101574
80.7799530029297,9.01589679718023
80.7814025878906,9.0148153305056
80.7829055786136,9.01374816894543
80.7843627929688,9.01266479492188
80.785842895508,9.01150989532476
80.7870178222657,9.01015377044678
80.7866897583009,9.0083150863648
80.7862091064455,9.00643444061279
80.7856445312502,9.00464344024664
80.7850189208987,9.00278091430675
80.7842788696289,9.00114917755127
80.7837524414064,8.9994010925293
80.7831497192385,8.99757957458496
80.782684326172,8.99582958221441
80.7821884155273,8.99390602111839
80.7816390991213,8.99220085144043
80.781173706055,8.99036598205561
80.7806701660158,8.98865890502941
80.7800292968753,8.98654937744141
80.7794723510745,8.98472785949713
80.7788238525391,8.98289489746088
80.778060913086,8.98088836669945
80.7773437500001,8.978850364685
80.7768859863283,8.97706985473627
80.7765960693362,8.97520256042475
80.7761993408204,8.97320461273193
80.7756958007812,8.97125053405762
80.7752151489258,8.96951675415045
80.774543762207,8.96760940551763
80.7738647460938,8.9657487869265
80.7733154296876,8.96405792236328
80.7727737426759,8.96220779418945
80.772285461426,8.96037101745605
80.7718200683595,8.95849037170422
80.7713851928712,8.9567699432373
80.7709197998046,8.95501899719244
80.7704010009767,8.95328330993647
80.7698822021485,8.95144844055187
80.7692871093751,8.94967174530035
80.7686462402344,8.9477939605714
80.7680206298831,8.94575691223145
80.7674026489258,8.94377422332786
80.7668228149415,8.94201183319092
80.7661437988281,8.94010543823242
80.7656250000002,8.9384002685548
80.7657623291015,8.93687725067144
80.763885498047,8.93636703491217
80.7621002197268,8.93611621856689
80.761428833008,8.93441581726074
80.7611618041995,8.93261814117432
80.7609252929688,8.93074893951439
80.7598724365234,8.92918300628685
80.7589569091799,8.92765617370611
80.7585525512697,8.92587566375744
80.7581787109377,8.92413902282715
80.7576980590821,8.92243480682379
80.7568588256838,8.92064476013195
80.756103515625,8.91898632049566
80.7563400268555,8.91714000701916
80.7566833496094,8.9152755737307
80.7559127807617,8.91364574432379
80.7556686401367,8.91187763214111
80.7555236816408,8.91003608703625
80.7548446655275,8.90831756591791
80.7539443969726,8.90669345855719
80.7530364990236,8.90515232086182
80.751304626465,8.90451145172113
80.7494430541993,8.9039583206179
80.7475509643555,8.9035377502442
80.7457199096683,8.90314579010021
80.7438735961916,8.90272235870361
80.7420806884768,8.90224361419678
80.7402954101563,8.9020795822143
80.7385101318359,8.90157127380382
80.7367630004886,8.90090084075928
80.7349014282228,8.90024662017828
80.7331085205081,8.89969635009777
80.7313461303712,8.89925575256348
80.7295303344726,8.89880657196056
80.7277297973633,8.89835262298595
80.7259826660157,8.8979749679566
80.7240829467774,8.89788818359375
80.7222747802734,8.89803028106695
80.720413208008,8.89837837219244
80.7186660766602,8.8987541198731
80.7182693481445,8.89887714385998
80.7177886962891,8.89889335632336
80.7171783447267,8.89905071258545
80.7165145874026,8.89926719665539
80.7158813476563,8.8993673324585
80.7151260375977,8.89934921264671
80.7145233154297,8.89923286437988
80.7137603759766,8.89906883239757
80.7130432128907,8.8989048004151
80.7124557495118,8.89875698089594
80.7118682861329,8.8985357284547
80.7113342285157,8.89824104309076
80.7108230590823,8.89787483215326
80.7103347778321,8.89749240875244
80.7098541259768,8.89706802368187
80.7093276977539,8.89659786224377
80.7087783813478,8.8961877822876
80.7081298828128,8.89579105377197
80.7074890136719,8.89545154571528
80.706871032715,8.89517402648937
80.7062301635745,8.89496612548822
80.7055435180666,8.89480495452881
80.7048416137696,8.89458084106468
80.7041625976562,8.89431667327892
80.7035217285157,8.89404964447021
80.7028198242187,8.89378643035894
80.7021942138673,8.89356517791748
80.7013244628908,8.89322471618652
80.7006072998047,8.89294528961182
80.6999816894531,8.8927373886109
80.6992645263672,8.89256191253685
80.6984558105469,8.89233589172358
80.6977386474609,8.89207172393799
80.6970520019532,8.89180660247808
80.6964645385743,8.89152717590343
80.6958236694338,8.89121913909935
80.6952362060549,8.89092540740972
80.6946411132812,8.89062690734858
80.6939239501953,8.89026165008539
80.6932830810546,8.88992500305176
80.692680358887,8.88961505889893
80.6921386718749,8.88932132720947
80.6915512084964,8.88892745971691
80.6910324096681,8.88842773437511
80.6904754638674,8.88784027099615
80.6899337768555,8.88725376129156
80.6894378662112,8.88674068450922
80.6888809204104,8.88617134094244
80.6884307861329,8.88570213317882
80.6878890991212,8.8851461410523
80.6874542236329,8.88471889495855
80.6868133544922,8.8841495513916
80.6862258911132,8.88363456726086
80.6856002807618,8.8830776214599
80.685028076172,8.88260936737072
80.6844863891604,8.88215541839594
80.6839370727538,8.88166999816895
80.6833343505862,8.88118362426758
80.6827697753909,8.88076114654547
80.6822280883788,8.88032054901134
80.6816864013674,8.8799400329591
80.6811904907227,8.87957286834711
80.6806640625003,8.87914657592779
80.6801834106447,8.87874984741234
80.6797027587893,8.87837028503418
80.679069519043,8.87785720825207
80.6785278320313,8.87740135192871
80.6780319213867,8.87694835662842
80.6775512695313,8.87653732299816
80.676986694336,8.87605190277094
80.6764297485352,8.87565803527855
80.6759033203128,8.87533378601074
80.6752166748049,8.87490844726574
80.6746902465821,8.8745841979981
80.6740570068361,8.87426280975342
80.6735305786133,8.87396621704107
80.6728897094727,8.87354278564464
80.6722793579104,8.87315654754639
80.6716613769532,8.87287902832031
80.6709899902344,8.87265110015881
80.6703186035157,8.87242126464855
80.6695861816407,8.87212657928478
80.6689834594727,8.87189006805426
80.6681823730469,8.8715963363648
80.6675338745117,8.87138938903814
80.666862487793,8.87127017974859
80.6662445068361,8.87116527557384
80.6654739379885,8.87100124359154
80.6647262573244,8.87086677551275
80.6641082763671,8.87080764770519
80.6634902954104,8.87075996398937
80.6627197265626,8.87069797515875
80.6618804931641,8.87060737609863
80.6612777709963,8.87054538726818
80.6604461669925,8.87041282653831
80.6596374511719,8.87024688720709
80.6587905883791,8.87010097503673
80.6579742431643,8.86992073059088
80.6571044921877,8.8697566986084
80.6564178466798,8.86960887908947
80.6557769775391,8.86948776245112
80.6550750732422,8.86938285827637
80.654136657715,8.86930561065685
80.6533279418946,8.86929035186779
80.6526718139648,8.86925983428961
80.6517639160158,8.86915302276611
80.6510848999025,8.86903190612793
80.6503982543947,8.86892986297607
80.6497116088868,8.86880874633795
80.6489791870118,8.86864185333258
80.6482315063479,8.86846733093262
80.6474838256839,8.86828899383556
80.6467819213869,8.86815452575695
80.6460342407228,8.86804962158214
80.6452255249023,8.86806106567388
80.6445388793946,8.86812973022472
80.6438369750978,8.86824607849121
80.6430740356446,8.8683872222901
80.6423110961915,8.86848735809338
80.6417083740235,8.86854171752924
80.6408615112306,8.86867046356213
80.639991760254,8.86884307861328
80.6392898559573,8.86898422241211
80.6386260986329,8.86908531188971
80.6379241943361,8.86918544769281
80.6370620727541,8.86926937103277
80.6362686157227,8.86931037902832
80.6354904174804,8.86932182312023
80.6346130371094,8.86931705474859
80.6339263916018,8.86931514739996
80.6332931518555,8.8693122863769
80.6326065063479,8.86932373046881
80.6316375732425,8.86932182312023
80.6309661865236,8.86933135986334
80.6303329467776,8.86934375762939
80.6293945312499,8.86939907073975
80.6286468505859,8.8694543838501
80.6277694702149,8.86950778961187
80.6270675659183,8.86949157714849
80.6261672973633,8.86942863464361
80.6255111694337,8.86939716339111
80.6247940063479,8.86935138702393
80.6238861083986,8.8693761825561
80.6232681274417,8.86943340301525
80.6223449707031,8.86953067779564
80.621696472168,8.86955642700195
80.6209793090823,8.86956977844244
80.6200561523438,8.86953639984142
80.6194610595706,8.86948966979992
80.6186828613284,8.86939907073975
80.6179962158205,8.86930847167991
80.6173934936523,8.86920261383068
80.6165847778323,8.86902523040771
80.615852355957,8.86890697479242
80.6151351928713,8.86891841888433
80.6143341064453,8.86907482147228
80.613609313965,8.86923313140863
80.6127624511722,8.86935997009272
80.612159729004,8.86943054199219
80.6114425659183,8.86950206756592
80.610824584961,8.86957168579107
80.610206604004,8.8696432113648
80.6094207763674,8.86971378326439
80.608741760254,8.86970901489258
80.6080703735353,8.86969089508062
80.607231140137,8.86967277526861
80.6064834594729,8.86967277526861
80.6056060791017,8.86965179443359
80.6048889160157,8.86960601806641
80.6040115356448,8.86954498291027
80.6032180786136,8.86954021453857
80.6023864746094,8.86958122253418
80.6015625,8.86967945098888
80.6009597778323,8.86976623535168
80.6003341674805,8.86983680725092
80.5997009277344,8.8698778152467
80.5989074707033,8.8698873519898
80.5980758666995,8.8698549270631
80.5973587036133,8.86983680725092
80.596664428711,8.8698205947876
80.5958480834963,8.86987495422363
80.5953750610352,8.86968421936035
80.5952453613281,8.86905670166016
80.5952224731448,8.86844158172613
80.5951843261719,8.86776924133301
80.5951385498047,8.86714267730707
80.5950698852539,8.86649990081798
80.5949401855469,8.86582756042503
80.5948257446292,8.8651847839356
80.5946960449219,8.86451339721691
80.5945663452149,8.86388587951672
80.5950851440431,8.86386299133312
80.5948562622073,8.86266613006592
80.5945434570314,8.8614130020141
80.5941467285158,8.86016178131109
80.5937652587892,8.85889434814464
80.5935134887698,8.85768413543701
80.5931625366211,8.85651969909679
80.5928115844728,8.85517978668213
80.5925598144534,8.85399913787853
80.5923080444337,8.85281753540062
80.5919570922853,8.85150814056396
80.5917816162112,8.85019683837891
80.5917968750003,8.84897327423096
80.5923233032227,8.84787940979015
80.5930404663087,8.84688568115229
80.5939025878909,8.84597015380859
80.5950164794925,8.84507846832275
80.5960540771486,8.84445381164545
80.5971527099609,8.84386825561529
80.5984268188477,8.84334373474127
80.5995712280274,8.84296321868919
80.60075378418,8.8427877426148
80.6019287109374,8.84235000610357
80.6031570434571,8.84186935424805
80.6043624877933,8.84175300598156
80.6056518554688,8.84151840209961
80.6069259643556,8.84112358093256
80.6080932617188,8.84072971344017
80.609474182129,8.84024906158442
80.6107940673829,8.83997058868408
80.6119918823245,8.83988189697266
80.6133422851565,8.83977890014648
80.6146926879886,8.83960437774658
80.6160812377931,8.83950138092041
80.617286682129,8.83938503265392
80.6184844970706,8.83938503265392
80.6197280883789,8.83939647674561
80.6210632324219,8.83930778503424
80.6224594116212,8.83923530578619
80.6237869262696,8.83898639678966
80.6249465942384,8.83846187591564
80.6260910034181,8.83778953552269
80.6270599365237,8.83705997467041
80.6279525756837,8.83603858947765
80.6287536621094,8.83503437042236
80.6295852661132,8.8340702056887
80.6303176879886,8.83299160003662
80.6308898925784,8.83179759979254
80.6313476562502,8.83066272735596
80.6316528320315,8.82949638366694
80.6319274902345,8.82831478118908
80.6319427490235,8.82788944244385
80.6319885253907,8.82697486877441
80.6321029663088,8.82558917999273
80.6325073242188,8.82439517974865
80.6328887939453,8.82312583923346
80.6333312988282,8.82200431823742
80.6337966918945,8.82083988189697
80.6343994140627,8.81951332092285
80.634979248047,8.81846332550049
80.6357727050782,8.81741428375244
80.6364898681642,8.81642341613764
80.6371765136722,8.81540203094505
80.638008117676,8.81443977355963
80.6389770507814,8.81350803375256
80.6398849487304,8.81271934509277
80.6408538818359,8.81196022033697
80.6417999267578,8.81121730804443
80.6427536010742,8.81038475036632
80.6437225341799,8.80961322784435
80.6446762084963,8.80886745452892
80.6457138061524,8.80825710296654
80.6468734741212,8.80772972106945
80.6479568481445,8.80716037750267
80.6489944458011,8.80644702911377
80.6498260498049,8.80554389953608
80.6506195068361,8.80440521240234
80.6512603759766,8.8033704757691
80.651725769043,8.80217647552496
80.6520767211917,8.80090618133568
80.6524276733401,8.79975795745844
80.6526947021486,8.79851818084711
80.6528930664064,8.7973365783692
80.6531143188477,8.79605388641357
80.6531295776368,8.79484558105469
80.6529388427735,8.79366588592552
80.6526260375979,8.79251480102545
80.6520843505859,8.79140663146984
80.6513824462892,8.79041767120361
80.6504974365235,8.7895450592041
80.6495208740235,8.7886257171632
80.6486358642581,8.78781127929688
80.6479110717773,8.78730201721191
80.6475830078126,8.78706836700451
80.6464843750001,8.78641319274902
80.6451644897462,8.78594779968273
80.6439590454102,8.78561592102056
80.642776489258,8.78519153594982
80.6416625976562,8.78470039367681
80.6404037475587,8.78424835205101
80.6391067504886,8.78372573852539
80.6379241943361,8.78312873840338
80.6368255615234,8.78250026702904
80.63582611084,8.78175926208507
80.6348266601563,8.78090000152599
80.6339187622071,8.77992534637474
80.6331405639649,8.77894878387457
80.6323471069337,8.77798652648931
80.6315689086915,8.77693939208984
80.6308364868165,8.77593421936047
80.6300048828127,8.77485561370855
80.6292114257812,8.77382278442388
80.628387451172,8.77280235290539
80.6276092529297,8.77186965942383
80.626777648926,8.77089691162132
80.6259536743163,8.7699489593507
80.6251296997071,8.76894569396973
80.6244277954101,8.76795482635509
80.6237411499024,8.76684665679932
80.6231918334962,8.76571178436274
80.6227111816406,8.76451778411865
80.622283935547,8.76335144042963
80.6218872070313,8.76215744018555
80.6215515136722,8.76093482971191
80.6212539672852,8.75975227355968
80.620994567871,8.75858974456787
80.6206665039064,8.75726318359375
80.6202392578124,8.75595283508295
80.6198425292972,8.7548131942749
80.6192398071292,8.75365066528326
80.6184768676761,8.75261592865002
80.617515563965,8.75179958343529
80.6163864135745,8.75117588043207
80.6152572631839,8.75069522857689
80.6141586303713,8.75009822845465
80.6129837036132,8.74953174591076
80.6117706298829,8.74899196624767
80.6104354858399,8.74852657318121
80.6092300415041,8.74819183349632
80.6078414916992,8.74777126312262
80.6065902709962,8.74740791320801
80.6053924560549,8.74702835083019
80.6042480468752,8.7465648651123
80.6031799316407,8.74602699279797
80.6022109985352,8.74532699584955
80.6012115478517,8.74439525604248
80.6003952026367,8.74347877502464
80.5997009277344,8.74250125885033
80.5991134643556,8.74139595031744
80.5984878540038,8.74024486541754
80.5980911254886,8.73912143707287
80.5977935791016,8.73789978027366
80.597541809082,8.73668670654297
80.5972213745117,8.73540592193604
80.596794128418,8.73419761657721
80.5962524414064,8.73295879364014
80.5957717895509,8.73170661926281
80.5952224731448,8.73049736022944
80.594665527344,8.72938919067388
80.5940628051761,8.72822475433344
80.5933914184572,8.72713088989263
80.5927124023439,8.72606945037842
80.5919265747071,8.72504997253424
80.5910415649417,8.72395801544201
80.5901947021485,8.72303962707525
80.5892868041993,8.7221240997315
80.5883026123047,8.72136688232433
80.5871734619141,8.72081089019787
80.5858840942386,8.72040462493891
80.5845489501956,8.72005558013927
80.5833053588868,8.7198400497436
80.5820770263675,8.71963691711449
80.5807723999023,8.71943378448486
80.5795822143558,8.7192716598513
80.5783843994141,8.71903991699224
80.577018737793,8.71866226196289
80.5756607055666,8.71818065643322
80.5745544433594,8.71758556365972
80.5736312866212,8.71673965454102
80.572868347168,8.71579360961914
80.5721969604494,8.71478939056419
80.5715942382812,8.71359539031994
80.5710983276368,8.71244430541998
80.5705947875978,8.71117877960216
80.5701980590821,8.70995330810541
80.5698318481446,8.70874500274658
80.5697021484375,8.70750522613525
80.5696716308597,8.70615100860601
80.5697555541992,8.70492458343517
80.5698318481446,8.70364189147949
80.5698852539062,8.70244789123541
80.5699462890625,8.70121192932123
80.5699768066407,8.70040988922131
80.5562591552735,8.69168090820312
80.5506744384767,8.68812084197998
80.5502929687502,8.68685436248802
80.5497436523438,8.68562984466558
80.549186706543,8.68455219268799
80.5485763549806,8.68351745605474
80.5479736328127,8.68242645263683
80.5472259521486,8.68149089813238
80.5463485717774,8.68053245544428
80.545394897461,8.67973232269298
80.5443496704103,8.67903232574474
80.5432205200197,8.67853736877441
80.5419158935547,8.67808628082287
80.5407180786133,8.67784023284923
80.5393142700196,8.67770957946777
80.5380249023437,8.67735862731939
80.5367355346681,8.67687988281256
80.5356369018555,8.67635631561302
80.5345077514649,8.67574501037603
80.5334396362308,8.67504596710211
80.5322952270511,8.67428684234631
80.5312500000001,8.6735887527467
80.5301818847659,8.67277336120605
80.5292739868164,8.67192840576178
80.5284805297854,8.67098236083996
80.5277175903323,8.66999053955101
80.5270614624024,8.66898632049572
80.5264587402344,8.66793727874767
80.5263290405274,8.66773700714111
80.525802612305,8.66691589355474
80.5250778198242,8.66576671600336
80.5243453979494,8.66468906402594
80.5237045288089,8.66361141204834
80.5230865478516,8.66253089904785
80.5223693847659,8.6613817214967
80.5217208862305,8.66036128997803
80.5209045410158,8.65937232971197
80.5197143554687,8.65876102447533
80.5185165405275,8.6585578918457
80.5171966552737,8.65874767303467
80.5159683227539,8.65930366516113
80.5146942138672,8.65979766845703
80.5135040283204,8.65992832183844
80.5123901367188,8.65937709808344
80.5113830566408,8.65864658355724
80.5103073120118,8.658049583435
80.5091247558594,8.65786266326927
80.5079269409181,8.65793609619141
80.5067367553714,8.65841674804699
80.5057601928714,8.65930557250971
80.5048599243164,8.66013622283941
80.5038528442386,8.66090774536138
80.5028457641602,8.66155147552496
80.5017471313479,8.66222095489502
80.5006332397464,8.66292285919201
80.4995803833008,8.66354656219482
80.4984664916993,8.66416072845459
80.4977493286136,8.66516780853271
80.4972229003906,8.66630268096947
80.4961090087892,8.66674137115479
80.4949493408205,8.6671924591065
80.4936752319337,8.66742420196539
80.4926071166995,8.66802406311029
80.4915847778321,8.66873741149902
80.4903793334963,8.66860675811773
80.4891204833985,8.66872310638422
80.4881439208985,8.66940689086908
80.4869842529297,8.66990375518805
80.4862213134766,8.67089462280285
80.4859161376956,8.67210578918457
80.4850997924805,8.67297935485846
80.4839248657227,8.6733865737915
80.4827117919921,8.67366695404064
80.4816284179689,8.67426395416271
80.4806442260744,8.67502117157005
80.4797668457032,8.67589569091803
80.478904724121,8.6767854690554
80.4779663085938,8.67758464813227
80.4768829345704,8.67850494384766
80.4758682250977,8.67921924591064
80.4747619628908,8.68006420135492
80.4738082885744,8.68085289001476
80.4728393554689,8.68162345886242
80.4719467163087,8.68243885040283
80.4709548950195,8.6833581924439
80.4699707031252,8.68423080444342
80.4689788818359,8.68491744995117
80.4677886962892,8.6854000091555
80.4665451049806,8.68589401245123
80.4653472900393,8.68631553649902
80.4642028808597,8.68692874908447
80.4630279541018,8.68738269805908
80.4617843627931,8.68767166137707
80.4605865478515,8.6881685256958
80.459571838379,8.68891239166265
80.4587707519532,8.68986034393311
80.4576263427735,8.69048690795904
80.4562911987305,8.69061660766602
80.4550018310548,8.69084930419933
80.4538726806643,8.69155120849632
80.4526901245118,8.69225120544439
80.4513092041016,8.6925134658814
80.4499816894532,8.6925134658814
80.4486312866213,8.69195938110352
80.4474716186525,8.69124794006359
80.4464645385745,8.690505027771
80.4454650878907,8.68980503082275
80.4444122314455,8.68908977508545
80.4434738159181,8.68830585479748
80.4426269531253,8.68744373321539
80.4417877197266,8.68656921386724
80.4409561157227,8.68569564819336
80.4400711059571,8.68472099304194
80.439178466797,8.68364334106451
80.4383773803712,8.6825647354126
80.437568664551,8.68155956268322
80.4366912841798,8.68072986602783
80.4356460571291,8.67994117736822
80.4345779418946,8.67921352386469
80.4334793090823,8.67844200134277
80.4323959350588,8.67759799957275
80.4313278198243,8.67670726776123
80.4303283691406,8.67579078674322
80.4295120239258,8.67491626739513
80.4286880493165,8.67398357391357
80.4277343750001,8.67313957214355
80.4264907836916,8.67295074462885
80.4253463745119,8.67357635498047
80.4242019653322,8.67398357391357
80.4240112304689,8.67280483245855
80.4246749877931,8.67174053192139
80.4247894287111,8.67045974731451
80.4245681762697,8.66913127899176
80.4242019653322,8.66788005828857
80.4237365722659,8.66654014587408
80.4233703613284,8.66538906097435
80.4229888916018,8.66422367095947
80.4225311279297,8.66311359405529
80.4219131469728,8.66205024719244
80.4210205078126,8.66125011444092
80.4197769165038,8.66104698181164
80.4185180664063,8.6615419387818
80.4173736572266,8.66200923919689
80.4161911010744,8.66222572326683
80.4149169921876,8.66180610656738
80.4139480590821,8.66091728210449
80.4131698608399,8.65993976593018
80.4120101928713,8.65951824188232
80.4105453491212,8.65950393676752
80.4099502563477,8.65864276885992
80.409507751465,8.65740489959717
80.4092407226565,8.65612220764183
80.4088897705081,8.65481185913092
80.4085235595703,8.6535148620606
80.4081573486328,8.65230464935314
80.4078063964845,8.65106678009039
80.4074096679689,8.64984321594244
80.4070129394531,8.6487216949464
80.4066162109374,8.64758682250999
80.4061355590821,8.6462602615357
80.4055786132813,8.6449766159057
80.4050369262696,8.64390087127686
80.4044189453126,8.64276409149176
80.4037628173828,8.64153957366949
80.4030838012696,8.64047622680664
80.4022064208987,8.63947105407726
80.4013900756837,8.63850879669201
80.4007263183595,8.63741683959961
80.4004516601564,8.63616371154797
80.4001846313478,8.63499736785894
80.3994216918947,8.63406467437738
80.3985748291018,8.63321876525885
80.3975906372071,8.63234615325928
80.396598815918,8.63158893585228
80.3956146240234,8.63086032867432
80.3949661254886,8.63035583496105
80.3947067260743,8.63015365600586
80.3945312500001,8.63001537323021
80.3935623168946,8.62925815582287
80.3925933837891,8.62850093841553
80.391525268555,8.62765598297125
80.3905334472657,8.62689685821528
80.3896179199222,8.62619209289556
80.3884963989257,8.62533760070801
80.3874664306641,8.62461090087896
80.3864593505859,8.62383842468273
80.3854751586916,8.62309455871588
80.3843154907227,8.62267303466803
80.3830871582032,8.62261390686047
80.3818588256838,8.62283325195312
80.3809967041017,8.62177085876459
80.3808212280276,8.62056064605713
80.3809661865235,8.61936569213873
80.3810348510745,8.6181697845459
80.3808135986329,8.61694622039789
80.3803634643555,8.61578083038336
80.3798065185547,8.61471652984625
80.3792190551758,8.61365318298346
80.3788528442383,8.61247158050537
80.3789443969729,8.61126422882074
80.379249572754,8.60999679565435
80.3797607421877,8.60880279541027
80.3808212280276,8.60768127441418
80.3810729980469,8.60724639892601
80.3812789916994,8.60691261291527
80.3814849853517,8.60652065277111
80.381660461426,8.60610008239757
80.3818130493163,8.60566425323492
80.3819427490235,8.60528564453125
80.3821487426759,8.60489368438726
80.3823394775392,8.60439872741711
80.3824920654297,8.60402297973633
80.3826065063478,8.60352897644043
80.382682800293,8.60306167602539
80.3827438354495,8.60259723663353
80.3827438354495,8.60214519500738
80.3827209472657,8.60175323486339
80.3826293945314,8.60136127471924
80.382453918457,8.60091018676769
80.3822708129883,8.60054492950451
80.3819732666018,8.60010814666759
80.3816680908205,8.59974288940441
80.381301879883,8.59946537017828
80.3809127807619,8.59926223754883
80.3805160522463,8.5991001129151
80.3800735473636,8.59889507293707
80.379692077637,8.59873580932623
80.3793258666995,8.59858798980707
80.3790054321291,8.598310470581
80.378776550293,8.59796142578136
80.378631591797,8.59759616851818
80.3785858154297,8.59673690795893
80.3788375854493,8.59637546539312
80.3791656494141,8.59602642059326
80.3794403076172,8.5957355499267
80.3797225952148,8.59544658660889
80.3800125122071,8.59511184692388
80.3803100585938,8.59473800659185
80.3805465698242,8.59438896179205
80.3807525634766,8.59398078918468
80.3810577392578,8.59322452545177
80.3811798095704,8.59278869628918
80.3813095092773,8.59232521057129
80.381401062012,8.59183025360107
80.3814620971681,8.59137916564941
80.3814926147463,8.59092998504644
80.3815231323243,8.59052181243891
80.3815231323243,8.58999824523937
80.3815231323243,8.58957386016846
80.3815231323243,8.58918380737305
80.3815002441406,8.58873271942139
80.3814239501956,8.58831119537354
80.3813705444337,8.58788871765137
80.3812866210939,8.587480545044
80.3811798095704,8.58705997467047
80.3810653686523,8.586594581604
80.3809051513674,8.58608436584473
80.3807067871095,8.58564662933355
80.3805160522463,8.58523941040045
80.3803100585938,8.58488845825207
80.3798141479493,8.58461189270025
80.3798904418948,8.5842199325561
80.3799896240235,8.58378219604487
80.3796844482425,8.58343410491955
80.3793792724611,8.58315563201916
80.3791122436526,8.58283424377441
80.3788833618165,8.58245563507074
80.3785934448242,8.5820484161377
80.378242492676,8.58165359497082
80.3779220581055,8.58130264282221
80.3775711059571,8.58094024658209
80.377265930176,8.58069229125988
80.3769302368165,8.58043003082287
80.3765029907228,8.58013629913341
80.3760910034179,8.5798597335816
80.3757171630859,8.57958030700695
80.3753051757815,8.57927417755127
80.3748931884767,8.57896900177008
80.3744583129883,8.57868766784668
80.3736648559572,8.57817840576172
80.3733139038087,8.57792854309088
80.3730545043945,8.57763767242432
80.3727951049806,8.57730484008789
80.3724975585939,8.57698059082043
80.3722076416016,8.57671928405773
80.3718719482425,8.57639789581299
80.37158203125,8.57613563537598
80.3712310791016,8.57590103149425
80.3708801269532,8.57569789886475
80.3704986572266,8.57549285888672
80.3700485229494,8.57522869110107
80.3695907592776,8.57501029968273
80.3691101074219,8.57483673095709
80.3687286376954,8.57471561431896
80.3683471679688,8.57458591461182
80.3678817749026,8.57449531555181
80.3674087524415,8.57442188262951
80.3668518066407,8.5743465423584
80.3663864135742,8.57428741455089
80.3658905029297,8.57421398162836
80.3654174804687,8.57411193847668
80.3649826049806,8.57407760620117
80.3645095825197,8.57407760620117
80.3640899658203,8.57409095764166
80.3635482788088,8.57417774200462
80.3630752563478,8.57431888580334
80.362648010254,8.57448101043707
80.3621978759767,8.57468223571777
80.3618011474609,8.5748853683474
80.3613891601565,8.57513141632103
80.361053466797,8.57537460327143
80.3607177734376,8.57562255859386
80.3603744506837,8.5758686065675
80.3599548339844,8.57598495483398
80.3595581054689,8.57598304748541
80.359130859375,8.57592391967785
80.3586349487305,8.57571887969976
80.3581542968753,8.57549762725836
80.3576431274416,8.57532215118431
80.3572769165039,8.5751628875733
80.3567352294922,8.57495689392113
80.3563079833986,8.57479572296154
80.355911254883,8.57461833953857
80.3554611206058,8.57439899444591
80.3550186157227,8.57420825958263
80.3546142578126,8.57407760620117
80.354202270508,8.57390022277838
80.3537216186525,8.57370853424078
80.3532943725587,8.57356262207026
80.352493286133,8.57329845428467
80.3523712158204,8.573229789734
80.3521270751953,8.57309341430658
80.3517761230469,8.57278823852545
80.3515548706055,8.57240867614746
80.3513717651368,8.57204532623302
80.3512191772462,8.57168006896984
80.3511199951172,8.5712718963623
80.3509292602539,8.57090663909912
80.3507156372073,8.57050037384033
80.3504791259767,8.57016658782959
80.3501586914062,8.56978607177734
80.3498382568359,8.56948089599632
80.3494262695314,8.56918907165527
80.3490905761719,8.56898403167725
80.3486404418945,8.56869220733654
80.348258972168,8.56844139099121
80.3479080200197,8.56822490692144
80.3475875854493,8.56796264648443
80.3472518920901,8.56759643554693
80.3469314575195,8.56726074218761
80.3467559814455,8.56686878204346
80.3466262817383,8.5663862228393
80.3464813232423,8.56597995758057
80.3462600708008,8.56554222106934
80.3459701538086,8.56504631042503
80.3457107543946,8.56459426879888
80.3454742431641,8.56412887573237
80.34521484375,8.56364631652843
80.3450088500976,8.56326770782471
80.3448104858398,8.56287574768072
80.3445739746095,8.56239700317394
80.3443832397462,8.5618982315064
80.3442535400391,8.56144905090332
80.3440704345703,8.56102657318115
80.3437881469727,8.56064891815197
80.3434982299805,8.56028175354004
80.3432083129883,8.55994701385498
80.34285736084,8.55961227416992
80.3425674438478,8.55930423736572
80.3423156738284,8.55898475646973
80.3420562744141,8.55860519409174
80.3418350219727,8.55818271636963
80.3415985107424,8.55778884887707
80.3413848876953,8.55736732482922
80.3412246704103,8.55695915222168
80.341064453125,8.55656719207769
80.3404388427734,8.55580806732172
80.3402633666994,8.55541419982933
80.3402481079102,8.5549488067627
80.3402252197268,8.55443763732916
80.3401641845704,8.55394554138184
80.3401107788086,8.55347919464106
80.3400802612306,8.55297279357922
80.340026855469,8.55256271362305
80.340026855469,8.55215454101574
80.3399963378907,8.55169200897228
80.339958190918,8.55113792419439
80.3399276733399,8.55065727233887
80.3398818969728,8.55021953582764
80.3398818969728,8.54981422424316
80.3399200439453,8.54933261871349
80.3399505615235,8.54889774322533
80.3400497436523,8.54847621917747
80.3401107788086,8.548070907593
80.340232849121,8.54766273498547
80.3398361206058,8.54740047454845
80.3394546508792,8.54725170135504
80.3390197753907,8.54697418212913
80.3386383056641,8.54672622680675
80.3382873535159,8.54646396636974
80.3379669189453,8.54620170593273
80.3375854492188,8.54602432250977
80.337127685547,8.54598140716558
80.3365173339844,8.54640007019054
80.336265563965,8.54677772521973
80.3359680175782,8.54706764221203
80.3354873657227,8.54706478118896
80.3348007202149,8.54669761657715
80.3344650268556,8.54648017883312
80.3340988159183,8.54626274108887
80.3336868286133,8.54614543914806
80.3332901000977,8.54609870910656
80.3328247070314,8.54608345031744
80.3323287963868,8.54618263244629
80.3318099975589,8.54632663726801
80.3313903808594,8.54645538330089
80.3310089111329,8.54658699035645
80.3306274414063,8.54674434661871
80.3302154541016,8.54696273803705
80.3298339843751,8.5471363067627
80.3291320800784,8.54755496978765
80.3284072875976,8.54792690277105
80.3279418945313,8.54785633087181
80.3275756835938,8.54757785797125
80.3272552490237,8.54732990264904
80.3268737792972,8.54715442657482
80.3264541625978,8.54715442657482
80.326026916504,8.54734134674072
80.3255844116213,8.54757118225103
80.3251876831055,8.54776096344017
80.3247680664065,8.54790401458763
80.3243408203126,8.54807662963879
80.3238830566408,8.54823684692388
80.3233718872071,8.54839420318615
80.3228988647461,8.54853820800793
80.3221130371093,8.54866123199463
80.3135147094729,8.55067634582531
80.3074722290041,8.55442523956293
80.297660827637,8.5574197769165
80.2923736572266,8.55891513824457
80.2884979248048,8.56056213378918
80.2882003784181,8.56155586242687
80.2875671386722,8.56261825561523
80.287078857422,8.56376934051514
80.2867507934571,8.56499290466309
80.2866592407227,8.56621932983393
80.2861862182618,8.56737041473389
80.2854995727538,8.56846427917486
80.2857818603516,8.56974983215343
80.286689758301,8.57056808471691
80.2870712280275,8.57170677185064
80.2867431640626,8.57293128967291
80.2866516113281,8.57419872283947
80.2866439819335,8.57545375823969
80.2858047485352,8.57638740539574
80.2852020263672,8.57753658294689
80.2848739624025,8.57874774932884
80.2847824096681,8.57998752594017
80.2847061157229,8.58121395111084
80.2838058471681,8.58213043212902
80.2827224731446,8.58263778686518
80.2815780639649,8.58313274383556
80.2804565429688,8.58365154266363
80.2797241210939,8.58460140228266
80.27995300293,8.58584022521973
80.2803573608398,8.58702278137207
80.2805023193362,8.58821964263922
80.2811889648438,8.58930206298834
80.2817840576172,8.59033679962158
80.2807464599609,8.59097766876226
80.2795715332034,8.59061145782482
80.2783279418946,8.59034442901611
80.2775878906251,8.59134864807123
80.2771606445314,8.59255886077887
80.2767486572267,8.59369659423851
80.2764205932618,8.59498023986811
80.2760772705079,8.59617424011242
80.2756805419922,8.59739780426037
80.2751159667969,8.59847831726086
80.274482727051,8.59960174560553
80.2738800048828,8.6006317138673
80.2737274169924,8.60185813903831
80.2738418579104,8.60306835174561
80.2741012573244,8.60428142547613
80.274597167969,8.60542011260986
80.2751922607421,8.60650062561041
80.2755126953126,8.60770034790045
80.2749710083011,8.60926055908203
80.2744522094727,8.61099338531494
80.2732772827151,8.61233139038097
80.2718505859376,8.61337661743164
80.2699127197267,8.61403274536138
80.2681045532229,8.61428165435791
80.2663803100589,8.6148357391358
80.2647857666016,8.61580944061279
80.2630767822266,8.61672687530523
80.2614212036136,8.61759757995605
80.2596664428712,8.61802196502691
80.2576751708986,8.61809539794928
80.2560958862308,8.61728096008312
80.2547531127933,8.61605930328375
80.2533035278322,8.61504077911388
80.2515487670898,8.61539173126226
80.2499084472657,8.61617755889904
80.2484512329104,8.61718273162842
80.2470016479494,8.61827468872082
80.2460098266601,8.61975574493431
80.2456436157227,8.62154769897455
80.2450027465821,8.62318897247337
80.2438049316407,8.62459945678705
80.2422790527344,8.62560367584234
80.2413864135743,8.62718772888184
80.2406692504882,8.62890529632568
80.2389602661132,8.62842559814459
80.237174987793,8.62899398803711
80.2368087768556,8.6308097839356
80.2369155883791,8.63256931304932
80.2372055053714,8.6343145370484
80.2377777099612,8.63601779937744
80.2390365600587,8.63733959197992
80.2380294799806,8.63880729675293
80.2374038696292,8.64052581787104
80.2377243041993,8.64227199554443
80.2378540039064,8.64404487609863
80.2373886108401,8.64586067199718
80.2365798950196,8.64752101898205
80.2355041503909,8.64899063110363
80.2344512939454,8.65045833587646
80.2334365844727,8.65208625793463
80.2336196899413,8.65396118164068
80.2344207763674,8.65553379058844
80.2349777221681,8.65736389160156
80.2349014282228,8.65915298461914
80.2363128662111,8.66037464141851
80.2376556396486,8.66159439086908
80.2379913330081,8.66338253021235
80.2375869750979,8.66519069671637
80.2360076904297,8.66623687744152
80.2356414794922,8.66806888580322
80.2363433837892,8.66979885101324
80.2354660034181,8.67149925231939
80.2357559204103,8.67333221435541
80.2363891601563,8.67498874664312
80.2363891601563,8.67686367034918
80.2359085083007,8.6786966323852
80.2354049682618,8.68041324615473
80.2348937988282,8.68217277526861
80.2339935302734,8.68372917175304
80.2329254150391,8.68513965606689
80.2315750122072,8.68646430969244
80.2298049926757,8.68726444244379
80.2280960083008,8.68773078918457
80.2266082763674,8.68873405456537
80.2254943847657,8.69030189514172
80.2245712280274,8.69202136993414
80.2237091064453,8.693591117859
80.2227478027343,8.69526386260992
80.2226562500001,8.69725608825695
80.2221603393558,8.69905853271496
80.2211532592774,8.70070171356201
80.2192382812501,8.70116901397705
80.2174682617188,8.70160484313988
80.2158126831055,8.7022447586059
80.2147445678711,8.70377159118664
80.2139739990234,8.70548820495617
80.2136230468752,8.70732116699219
80.2130661010744,8.70906639099127
80.2116317749025,8.71040439605713
80.2099685668945,8.71119117736816
80.2084732055666,8.71226882934576
80.207344055176,8.71379089355469
80.205955505371,8.71507167816156
80.2043075561523,8.71583080291754
80.2029724121094,8.71703720092779
80.2018661499024,8.71857738494884
80.2012023925781,8.72025203704834
80.2007522583009,8.7220258712768
80.2001647949219,8.72382831573486
80.199478149414,8.72547245025635
80.1986770629886,8.72723293304455
80.1975631713867,8.72883129119879
80.1964263916015,8.7304039001466
80.1953430175781,8.73181152343756
80.1942291259766,8.73348522186274
80.1928100585938,8.73478031158447
80.1909713745118,8.735157966614
80.1890487670898,8.73549270629888
80.1874694824219,8.73645496368408
80.1864776611331,8.73798179626465
80.1860122680665,8.73972511291515
80.1853790283203,8.74152755737305
80.1837387084962,8.74221229553234
80.1819000244143,8.74250411987305
80.1803512573243,8.74340438842785
80.1790008544922,8.74474239349388
80.1774215698243,8.74570083618158
80.1756362915038,8.74638462066662
80.1738357543946,8.74670600891119
80.1722259521486,8.74746322631836
80.1708984375002,8.74880123138439
80.170036315918,8.75035667419434
80.1699600219728,8.75220394134527
80.1709442138672,8.75377368927002
80.1719055175782,8.75527381896978
80.1728897094727,8.75685787200928
80.1737976074219,8.75847053527832
80.1747360229494,8.76002788543701
80.1753768920899,8.7616691589356
80.1760330200195,8.76340103149425
80.1765899658203,8.76511478424072
80.1771621704101,8.7669467926026
80.1776428222657,8.76879596710216
80.1782302856446,8.77048206329357
80.1786956787109,8.77225494384771
80.177833557129,8.77456569671642
80.1793899536134,8.77369594573975
80.1797103881837,8.77329540252697
80.1810226440431,8.77261829376215
80.1826629638675,8.77189064025902
80.1844329833986,8.77090167999262
80.1861419677734,8.77003097534202
80.1879425048829,8.76936054229748
80.1896438598633,8.76882076263439
80.1913223266603,8.7681388854981
80.1930770874024,8.76742553710938
80.194808959961,8.76668262481701
80.1963272094727,8.76564979553234
80.1980209350587,8.76470470428478
80.1992492675784,8.76598644256597
80.1997528076172,8.76768589019781
80.2001037597658,8.7695484161377
80.2006149291992,8.77139377593988
80.2012329101564,8.77309417724609
80.2019500732421,8.77482604980469
80.2027053833011,8.77662944793701
80.2033081054688,8.77853393554693
80.2038192749026,8.78025054931646
80.2044525146484,8.78203678131115
80.205047607422,8.78385639190685
80.2057647705078,8.78559970855736
80.2065277099609,8.78731632232689
80.2072601318362,8.7890615463258
80.2080764770508,8.79064559936529
80.2089462280274,8.79234790802008
80.2097930908203,8.79391860961925
80.2107315063476,8.79570770263678
80.2117080688478,8.79731941223156
80.212646484375,8.79908084869385
80.2135391235353,8.80072402954107
80.2144775390626,8.80237865447998
80.2154388427736,8.80411052703857
80.2159805297852,8.80582714080811
80.2168197631839,8.80739688873302
80.2176818847657,8.80908393859886
80.2185287475589,8.8106517791748
80.2195129394531,8.81219482421875
80.2205352783204,8.81383800506592
80.221534729004,8.8154087066651
80.2224426269532,8.81699275970459
80.2233505249025,8.81853580474854
80.2243728637696,8.82023620605469
80.2253341674805,8.82177639007574
80.2263793945312,8.82331657409674
80.2273864746094,8.82487392425543
80.2285003662111,8.82638454437262
80.2296676635744,8.8278980255127
80.2314529418946,8.82794189453131
80.2333450317383,8.82770729064941
80.235290527344,8.82767677307123
80.2371902465821,8.82735824584961
80.2389907836916,8.8270664215089
80.2409820556641,8.82681846618647
80.2428283691408,8.82655620574945
80.2447280883791,8.82635307312034
80.2466278076174,8.8260612487793
80.2486038208008,8.82585620880127
80.2504043579101,8.82566738128673
80.2527313232424,8.82553482055687
80.2546920776368,8.82528877258306
80.2566070556641,8.82489395141602
80.2584915161133,8.824631690979
80.2602920532229,8.82442665100092
80.2621994018558,8.82434272766136
80.2639541625977,8.82401943206787
80.2657852172852,8.8238725662232
80.2675933837892,8.82371139526362
80.2695159912111,8.82364082336437
80.2714462280273,8.82310295105003
80.2733764648438,8.82314395904541
80.2750473022463,8.82328987121576
80.2769012451175,8.82286643981934
80.2788925170899,8.82242774963385
80.2808532714844,8.82223892211914
80.282684326172,8.82199287414551
80.2845230102542,8.82180213928223
80.2863540649415,8.8217449188233
80.288139343262,8.82155323028587
80.2899551391602,8.82107162475586
80.2918548583984,8.82073879241938
80.2937316894533,8.82066440582275
80.2956619262697,8.82063484191895
80.2974319458008,8.8202695846557
80.2992324829101,8.82085132598888
80.3009109497073,8.82182407379156
80.3025970458985,8.8226108551026
80.3044738769532,8.82356834411615
80.3060684204104,8.82448577880882
80.3076782226564,8.82547092437767
80.3093719482424,8.82634353637707
80.3109512329102,8.82718467712414
80.3126373291017,8.82802772521984
80.3142318725587,8.82890129089367
80.3158111572268,8.82980060577404
80.3175125122073,8.83061504364014
80.3225555419924,8.8300199508667
80.3228607177737,8.83012008667015
80.3241653442384,8.83052825927734
80.3254852294922,8.83096599578857
80.326774597168,8.83121204376221
80.3280334472656,8.83135795593273
80.3293838500977,8.83152008056646
80.3305816650391,8.83163642883312
80.3317871093751,8.83173942565929
80.3332672119141,8.83164978027344
80.3346176147462,8.83159255981445
80.3358612060547,8.83170890808111
80.3371658325198,8.83194065094
80.3385009765628,8.8322057723999
80.3398132324222,8.83245372772228
80.3411331176759,8.83262729644775
80.3424835205081,8.83309459686279
80.3438034057618,8.83353233337402
80.3451080322266,8.8340702056887
80.346290588379,8.83455085754389
80.3475723266602,8.83507537841791
80.3487396240235,8.83557224273704
80.3499450683597,8.83616924285894
80.3510284423829,8.83676624298096
80.3523330688477,8.83742332458502
80.353500366211,8.8379306793214
80.3547515869141,8.83838462829596
80.3559341430666,8.83879280090332
80.3572082519531,8.83924388885521
80.3584899902345,8.83949184417725
80.3598022460938,8.83946323394787
80.36100769043,8.83914089202887
80.3622360229492,8.83874893188488
80.3636016845704,8.83851432800293
80.364860534668,8.83850288391125
80.3662796020508,8.83858966827404
80.3675308227539,8.83877658843994
80.3687591552735,8.83914089202887
80.3700332641603,8.83959484100342
80.3713073730472,8.83995723724377
80.372528076172,8.8404684066773
80.3738708496094,8.84111022949224
80.3753814697267,8.84166240692139
80.3767318725586,8.84210014343262
80.3779449462892,8.84255123138428
80.3791198730472,8.84307670593262
80.3804092407227,8.84365844726557
80.3816833496095,8.84418487548839
80.3829345703128,8.84476566314709
80.3840637207034,8.84523296356213
80.3851852416993,8.84562492370611
80.3863143920899,8.84604740142828
80.3874435424805,8.84651374816906
80.3887176513674,8.84708213806152
80.3899078369141,8.84753513336182
80.3912734985352,8.84808731079113
80.3927536010742,8.84864139556879
80.393867492676,8.84910774230957
80.3949050903321,8.8498210906983
80.3957824707033,8.85070991516125
80.3967208862306,8.85149574279797
80.3977355957032,8.85223865509039
80.3987884521484,8.85315799713146
80.3998031616213,8.85414886474604
80.4007568359377,8.8550815582276
80.4016494750976,8.85602664947521
80.4024734497072,8.85694599151611
80.4018478393554,8.86364173889183
80.4019927978518,8.86422824859631
80.4020919799806,8.86485671997076
80.4021377563477,8.865453720093
80.4021606445313,8.86609745025658
80.4021682739259,8.86684226989757
80.4021072387696,8.86759853363043
80.4020156860354,8.86828517913818
80.4019851684571,8.868987083435
80.401954650879,8.86974525451683
80.4019012451174,8.87034320831299
80.4017715454102,8.87114524841314
80.4016036987306,8.87177181243919
80.4013977050782,8.87251472473145
80.4011993408204,8.87320137023931
80.400993347168,8.87394428253174
80.4008255004883,8.87455654144287
80.4006805419925,8.87516784667969
80.4005279541016,8.87575340271019
80.4003219604492,8.87643718719505
80.4000244140626,8.87705039978027
80.3997421264648,8.87771987915039
80.3994750976563,8.87835788726818
80.3991622924808,8.87901687622082
80.398811340332,8.87973022460938
80.3984680175783,8.88050079345703
80.3982467651369,8.88106822967541
80.3979492187501,8.88178443908697
80.397575378418,8.88254070282005
80.3972396850589,8.88310813903809
80.3968658447268,8.8838205337525
80.3965301513674,8.88449382781994
80.3961715698244,8.88513374328613
80.3958282470704,8.885817527771
80.3955383300784,8.88650226593012
80.3952789306641,8.88718795776379
80.3949966430664,8.88791465759277
80.3947067260743,8.88858509063715
80.3943176269532,8.88922500610357
80.3939208984376,8.88996791839594
80.3935928344728,8.89053630828863
80.3932952880861,8.89110279083252
80.3929748535157,8.89168739318853
80.3926620483401,8.8922681808474
80.3923645019533,8.89295578002924
80.3920364379883,8.89362430572521
80.391731262207,8.89432144165039
80.3915023803714,8.89502334594738
80.3912506103516,8.89567661285406
80.390983581543,8.89626121520996
80.3906784057618,8.89681243896496
80.3903656005862,8.89748477935791
80.3901367187501,8.89815521240246
80.3899154663087,8.89889812469482
80.3896179199222,8.89956760406488
80.3892974853517,8.90023803710943
80.389015197754,8.90087795257568
80.3886718750003,8.90143203735357
80.3883209228516,8.90199756622314
80.3880233764649,8.9025812149049
80.3877258300781,8.90316390991234
80.3873596191406,8.90380477905285
80.3870468139649,8.90444469451904
80.3868255615236,8.90512943267822
80.3865661621097,8.90578460693371
80.3863143920899,8.90640068054199
80.3860778808594,8.90705490112316
80.3859176635743,8.90769481658941
80.3856887817385,8.90839290618919
80.3855590820313,8.90906524658197
80.3854064941409,8.90966224670422
80.3852157592776,8.9103050231933
80.3850479125979,8.91088771820074
80.3848114013673,8.91166114807129
80.3845672607422,8.91249084472668
80.3844223022462,8.91316127777122
80.3843612670898,8.91377639770508
80.3843154907227,8.91441726684593
80.384246826172,8.91510486602778
80.3841400146486,8.91587543487543
80.3840103149415,8.91664981842047
80.3839416503908,8.91726303100592
80.3838653564454,8.91791725158691
80.3837203979492,8.91851425170893
80.3835220336917,8.91911411285423
80.3833465576171,8.91974067687994
80.3831405639651,8.92039680480957
80.3828811645508,8.92112445831322
80.3826751708985,8.92185306549084
80.3825531005862,8.92256927490246
80.3824920654297,8.92320919036865
80.3824310302736,8.92382335662836
80.3823699951175,8.92455196380615
80.3823547363284,8.9251651763916
80.3822708129883,8.9259672164917
80.3821792602542,8.92673969268793
80.382049560547,8.92736911773693
80.3819427490235,8.92806911468517
80.3818817138672,8.92879772186274
80.3818283081055,8.92948436737066
80.3817825317386,8.93015384674078
80.3817520141602,8.93084239959728
80.381706237793,8.9314393997193
80.3815689086915,8.93212318420416
80.3813858032228,8.93283939361578
80.3812408447265,8.93353843688988
80.3811035156252,8.93419456481928
80.3810577392578,8.93482398986828
80.3806686401367,8.93534564971924
80.3802337646486,8.93578052520758
80.3797607421877,8.93624782562262
80.3792572021485,8.93660831451416
80.3787307739261,8.93707275390636
80.378273010254,8.93749523162847
80.3777160644532,8.9378299713137
80.3770828247072,8.93800067901606
80.3764343261722,8.93806934356695
80.3758926391604,8.93837547302257
80.3759078979492,8.93900394439709
80.3759765625001,8.9396009445191
80.3759994506837,8.94025993347179
80.3759994506837,8.94088554382319
80.3758773803714,8.94149684906006
80.3757705688478,8.94211006164545
80.3754272460938,8.94269371032738
80.3749618530273,8.94323158264172
80.3744430541992,8.94363689422619
80.3738555908205,8.94402885437034
80.3733139038087,8.94434642791771
80.3727264404297,8.94467926025396
80.3720626831058,8.94508457183844
80.3715133666992,8.94552040100109
80.3710021972658,8.94585514068615
80.3704833984376,8.94624710083013
80.3699264526368,8.94663715362549
80.3694000244143,8.94697189331055
80.3688507080078,8.94731807708746
80.3682785034179,8.94763660430931
80.3677215576172,8.94797039032005
80.3671493530273,8.94818592071539
80.3665771484375,8.94841670989996
80.3660049438477,8.94860363006603
80.3653259277344,8.94861507415777
80.3647766113282,8.94836425781244
80.3640823364257,8.94820022583013
80.3634719848636,8.94816780090343
80.3628692626954,8.94803428649925
80.3621978759767,8.94801616668713
80.3615951538085,8.94832134246832
80.3609619140626,8.94856452941906
80.3604736328125,8.94894313812256
80.3600616455081,8.94943809509289
80.3595733642579,8.94990253448492
80.359130859375,8.95036792755138
80.3587188720706,8.95081901550293
80.358322143555,8.9512815475465
80.3577346801759,8.95155715942383
80.3570632934572,8.95162773132324
80.3563995361329,8.9517116546632
80.3556671142581,8.95182418823248
80.3550338745118,8.95186519622808
80.3543472290038,8.95187568664551
80.3537139892579,8.95196056365972
80.3530578613283,8.95216369628918
80.3526000976565,8.95265579223627
80.352233886719,8.95315265655523
80.3519821166993,8.95370674133312
80.3516235351564,8.95430374145513
80.3512420654298,8.95485496520996
80.350814819336,8.95533370971674
80.350440979004,8.95581531524664
80.3501358032229,8.95633888244652
80.3496780395508,8.95673084259033
80.3489837646487,8.95678615570068
80.3483123779297,8.9568243026734
80.3477401733398,8.95705699920654
80.3471527099611,8.95741939544683
80.3466339111329,8.95773792266868
80.3459777832031,8.95790863037104
80.3452835083008,8.95787525177002
80.3446884155273,8.95771312713629
80.3440856933595,8.95749378204346
80.3434753417968,8.95740127563488
80.3427505493166,8.95742607116711
80.3420791625977,8.95755577087408
80.3414764404297,8.95778369903576
80.340919494629,8.95811939239525
80.3404159545901,8.95850944519049
80.3400878906252,8.95907783508312
80.340660095215,8.95935726165783
80.3412017822266,8.95973873138439
80.3417282104495,8.9600629806518
80.3422393798829,8.96043205261253
80.3427810668945,8.96069717407227
80.3433227539064,8.96097469329834
80.3438491821292,8.96137142181396
80.3443756103517,8.96184253692621
80.3448410034181,8.96231269836437
80.3452758789063,8.96275234222435
80.3458557128907,8.96335220336914
80.3462982177737,8.9638080596925
80.3469085693359,8.96420669555687
80.3475265502931,8.96460056304926
80.3481674194337,8.96498584747337
80.3488235473632,8.96535301208496
80.3494262695314,8.96567726135277
80.3500213623049,8.96597290039062
80.3505935668947,8.96628093719505
80.3511962890626,8.96663379669189
80.3517761230469,8.96701431274414
80.352592468262,8.96752929687506
80.353240966797,8.96792793273926
80.3538513183594,8.96829509735107
80.3545684814455,8.96870994567882
80.3553314208986,8.96912002563477
80.3560485839847,8.96949005126964
80.3566436767578,8.96981334686279
80.3572158813476,8.97012138366699
80.3579177856446,8.97049045562756
80.3585128784183,8.9707727432251
80.3591613769533,8.97103691101074
80.3597183227541,8.97127246856695
80.3603439331055,8.9715518951416
80.3609466552735,8.97183322906506
80.3615875244143,8.97218799591064
80.3621292114261,8.97253894805908
80.3627090454104,8.97288990020746
80.3632965087893,8.9732751846314
80.3638381958009,8.97364234924316
80.3644332885745,8.97403907775879
80.3650894165041,8.97449493408197
80.3658370971681,8.97495269775396
80.3664550781251,8.97537708282465
80.3670501708985,8.97580337524414
80.3677368164064,8.97625637054443
80.3683624267579,8.97662639617931
80.3689346313477,8.97693538665783
80.3695220947266,8.97728919982916
80.3701171875001,8.97765636444092
80.370750427246,8.9780387878418
80.3713455200195,8.97836208343512
80.3720169067383,8.97864341735834
80.3727188110353,8.97898197174078
80.3733520507813,8.97930622100836
80.3738021850585,8.97992134094238
80.3746490478516,8.9799690246582
80.3752059936523,8.98033809661877
80.3758087158204,8.98083686828608
80.3763885498047,8.98120403289806
80.3772125244143,8.98157119750982
80.3777618408204,8.98185157775879
80.3783798217773,8.98224830627447
80.3791351318362,8.98277854919439
80.379852294922,8.98330783843994
80.3803787231446,8.98371791839605
80.3808898925783,8.98407077789307
80.3816223144531,8.98454093933117
80.3821640014651,8.98491001129156
80.3827896118164,8.98539257049572
80.3834762573243,8.98589229583752
80.3839874267579,8.98621559143066
80.3846740722656,8.98665618896496
80.3851852416993,8.98706912994396
80.3858261108398,8.98753833770763
80.3864746093751,8.98799419403082
80.387145996094,8.98852252960216
80.3876953125003,8.98896503448486
80.3883666992188,8.9894638061524
80.3890380859378,8.98994922637945
80.3896102905276,8.99031639099121
80.3902664184572,8.99074172973638
80.390853881836,8.99113941192633
80.3914947509767,8.99163818359386
80.3920211791993,8.99206447601318
80.3926925659179,8.99263572692871
80.3932647705078,8.993076324463
80.3940505981447,8.99368000030512
80.3945617675784,8.99407672882074
80.395248413086,8.99456024169922
80.3958358764649,8.9949426651001
80.3964614868167,8.99541473388678
80.396957397461,8.99585247039801
80.3973770141602,8.99630832672119
80.3978729248049,8.99681854248041
80.3984603881838,8.99743556976324
80.398910522461,8.99790573120117
80.3994064331056,8.99837493896484
80.3998489379883,8.99879932403576
80.4003143310546,8.99924087524414
80.4007949829102,8.99972534179688
80.401321411133,9.0002079010012
80.4018478393554,9.00064754486084
80.4023513793946,9.00116252899176
80.4028091430664,9.00160026550293
80.403305053711,9.00208568572998
80.4038467407227,9.00255489349365
80.4044265747071,9.00306987762457
80.4049224853517,9.00346469879162
80.4054031372071,9.00390529632568
80.4058609008789,9.00436019897461
80.4062805175783,9.00482845306396
80.406791687012,9.0053129196167
80.4073562622073,9.00581169128424
80.4079132080081,9.00629520416265
80.4084396362305,9.00672245025646
80.4090118408204,9.00714778900146
80.409538269043,9.007543563843
80.4100494384765,9.00792694091797
80.4106597900392,9.00842380523693
80.4112014770508,9.00886631011963
80.4116363525391,9.00935173034662
80.4121170043948,9.00989246368403
80.4126129150391,9.01043415069591
80.4130783081058,9.0109167098999
80.4136047363282,9.01138877868658
80.4142456054687,9.01196098327642
80.4147720336917,9.01242828369152
80.415267944336,9.01289844512951
80.4158401489258,9.01344299316406
80.4164047241211,9.01401233673118
80.4169082641601,9.01445484161388
80.4173736572266,9.01486492156982
80.4179382324219,9.01537990570074
80.4184112548831,9.01580429077148
80.4190063476562,9.01634597778332
80.4194564819336,9.01675701141357
80.4200973510743,9.01736068725586
80.4207611083986,9.0179872512818
80.4212112426758,9.018385887146
80.4218673706054,9.01894474029552
80.4224548339844,9.01942825317383
80.4229660034181,9.01982402801514
80.4234161376953,9.02021884918219
80.4238815307618,9.02085018157959
80.4242706298829,9.02136325836187
80.4247512817383,9.02194786071772
80.4253540039064,9.0225048065185
80.4258041381837,9.02293300628662
80.42626953125,9.02332973480225
80.4267807006837,9.02375316619884
80.4272842407227,9.02417659759527
80.4278335571291,9.02464866638184
80.4283294677737,9.02507305145275
80.4289169311526,9.02555942535406
80.4293823242188,9.02596855163574
80.4299545288087,9.02646827697754
80.4304046630861,9.02687835693365
80.4308853149416,9.02728843688959
80.4313964843753,9.02774429321295
80.4319229125978,9.02821445465111
80.4323883056642,9.02862358093256
80.4328842163087,9.02906608581543
80.4333953857422,9.0295333862307
80.4337768554688,9.03003311157232
80.4337844848633,9.03067493438732
80.433708190918,9.03128814697277
80.4336471557618,9.03194522857666
80.4335250854492,9.03264427185059
80.433288574219,9.03328514099127
80.4331665039064,9.03394126892101
80.433074951172,9.0345983505249
80.4329299926757,9.03525352478039
80.4327621459961,9.0358943939209
80.4324798583985,9.03659439086914
80.4322738647462,9.03719139099115
80.4320373535158,9.03796577453636
80.431838989258,9.03857707977301
80.4317092895508,9.03917598724365
80.4315567016604,9.03987598419189
80.4313735961917,9.04064559936523
80.4313125610352,9.04124641418468
80.4312667846681,9.04196166992199
80.4311141967774,9.04264831542969
80.4309387207032,9.04323101043695
80.4307479858399,9.04384231567383
80.4305648803712,9.04458522796637
80.4303894042969,9.04525470733643
80.4302368164065,9.04591083526623
80.4301147460939,9.04665660858149
80.4300231933595,9.04726982116711
80.4299316406252,9.04805564880382
80.4298858642578,9.04866886138927
80.4297943115235,9.04938507080084
80.4296874999999,9.04998207092308
80.4294967651367,9.05065155029297
80.4293899536133,9.05135154724121
80.4292831420901,9.05198097228998
80.4291000366214,9.05269432067871
80.4289398193359,9.05329322814953
80.4287719726564,9.05409336090088
80.4287719726564,9.05483913421631
80.428810119629,9.05543804168695
80.4288482666016,9.0561084747315
80.4288787841798,9.05673694610618
80.4288558959962,9.05735015869146
80.4287643432619,9.05801963806152
80.4286727905274,9.05869293212896
80.4286727905274,9.05944919586182
80.4287261962893,9.0600509643557
80.4287567138672,9.06073474884056
80.428680419922,9.06146621704107
80.4286575317383,9.06210899353033
80.4285812377931,9.06274986267084
80.4284744262696,9.06338977813726
80.4283676147461,9.06407642364496
80.4282531738282,9.06482124328613
80.4281158447267,9.06544589996349
80.4282302856445,9.06606101989746
80.4281234741214,9.0666875839234
80.4278564453126,9.06741714477545
80.4276885986329,9.06808662414556
80.4275817871097,9.06897830963135
80.4275054931641,9.06969165802008
80.427474975586,9.07034778594982
80.4273834228518,9.07116603851313
80.4272766113281,9.07177734374994
80.4270248413085,9.07256793975853
80.4267959594729,9.0732946395874
80.4267196655274,9.07397937774653
80.4267196655274,9.07459163665783
80.4267044067383,9.07535076141363
80.4266967773439,9.07599353790306
80.4267272949219,9.07662296295166
80.4267807006837,9.07735157012945
80.4268341064453,9.07812690734863
80.4268264770507,9.0788402557373
80.4267654418946,9.07944011688244
80.4267501831055,9.08027172088623
80.4268035888675,9.0808687210083
80.4267883300784,9.08148384094244
80.426742553711,9.0821676254273
80.4266891479494,9.08291339874279
80.4265899658204,9.08352565765392
80.4266891479494,9.0841817855835
80.4268722534181,9.08479785919195
80.4269866943362,9.08544063568127
80.426971435547,9.08615589141857
80.4267883300784,9.08673667907726
80.4265823364259,9.08751010894781
80.4264602661133,9.08825492858892
80.426383972168,9.08896923065197
80.4263534545899,9.08959770202648
80.4263153076174,9.0902557373048
80.4262084960939,9.09089469909691
80.4256210327149,9.09108066558838
80.4250259399415,9.09101963043224
80.4243469238281,9.09097385406517
80.4236145019533,9.09091281890869
80.4228973388672,9.09091091156012
80.4222259521487,9.09095191955566
80.4215164184572,9.0909471511842
80.4208145141602,9.09093093872065
80.4201278686526,9.0909242630006
80.4194259643556,9.0909223556518
80.4187316894532,9.09090423583984
80.4179687500001,9.09082794189464
80.4172363281251,9.09075069427496
80.4166336059571,9.09069156646729
80.4159469604495,9.09065818786621
80.4152145385742,9.09069919586182
80.4145965576175,9.09069633483892
80.4139709472657,9.09064769744879
80.4132232666016,9.09060287475586
80.4125137329104,9.09059810638439
80.4117813110352,9.09062290191662
80.4109802246097,9.09067821502697
80.4101562500001,9.0907621383667
80.4094543457034,9.09083271026611
80.4088211059571,9.0908899307251
80.4081878662111,9.09094238281273
80.4074859619141,9.09091281890869
80.4068832397462,9.09085083007807
80.4062118530276,9.09074592590332
80.4055938720704,9.09069919586182
80.4048919677734,9.09069442749035
80.4042739868165,9.09076690673834
80.4041366577148,9.09143543243414
80.4040298461915,9.09209346771246
80.4039993286135,9.09288024902349
80.4040527343751,9.09349346160911
80.4040985107425,9.09423828125011
80.4040756225587,9.09493827819836
80.4040603637696,9.09575557708752
80.4040985107425,9.09645557403576
80.4041290283203,9.09708690643311
80.404106140137,9.0977411270141
80.4040451049805,9.09845733642589
80.4039535522461,9.09908580780041
80.4039535522461,9.09975624084478
80.4040527343751,9.10052776336676
80.4040451049805,9.10122966766357
80.4039688110353,9.10198879241966
80.404037475586,9.10264778137213
80.404106140137,9.10327339172375
80.4040603637696,9.10396099090582
80.4039993286135,9.1048059463501
80.403938293457,9.10561084747326
80.4038696289063,9.106279373169
80.4038696289063,9.10698127746582
80.4038772583008,9.1078262329101
80.4038619995118,9.10865783691412
80.4038543701172,9.10927104949951
80.4038543701172,9.11001873016357
80.4038543701172,9.11068725585932
80.4038619995118,9.11130046844494
80.4038772583008,9.11191272735607
80.4039001464847,9.11265754699707
80.4039077758792,9.11327075958246
80.4038772583008,9.11391162872314
80.4038772583008,9.11452674865734
80.4039611816406,9.11515426635737
80.4045333862305,9.11550903320312
80.4052047729493,9.11559772491455
80.4059066772463,9.11568927764898
80.4066390991213,9.11561870574974
80.4072875976563,9.11556434631348
80.4080047607424,9.1155233383181
80.4086990356448,9.11551380157482
80.4094543457034,9.11548614501953
80.4102783203127,9.11550521850597
80.4111022949219,9.11555290222179
80.4118804931641,9.1155996322633
80.412567138672,9.11561870574974
80.413429260254,9.11563682556152
80.4142379760742,9.1156387329101
80.4150466918947,9.11564445495605
80.4156646728516,9.11561870574974
80.4162902832032,9.11559104919428
80.4170684814456,9.11559581756597
80.4177322387697,9.11561393737793
80.4184494018555,9.11561584472668
80.4192123413086,9.11564826965343
80.4198684692383,9.11571025848383
80.4205322265624,9.11575794219965
80.4212646484378,9.11580276489258
80.4221878051758,9.11586666107178
80.4228439331055,9.11588478088373
80.4237365722659,9.11587429046631
80.4245300292972,9.11584663391125
80.4252929687503,9.11580753326427
80.4259872436524,9.11575317382818
80.4266891479494,9.11572647094721
80.4273757934573,9.11571407318138
80.4282150268556,9.11573314666748
80.4289321899413,9.11579418182379
80.4295501708986,9.11585617065435
80.4301757812501,9.11594486236578
80.4309844970706,9.11608123779297
80.4317016601563,9.11618804931652
80.432540893555,9.11626434326172
80.4333572387697,9.11631393432612
80.43424987793,9.11633014678949
80.434898376465,9.11631774902366
80.4355850219729,9.11630725860607
80.4363479614261,9.1162681579591
80.4370117187501,9.11621093749994
80.4379501342775,9.11612892150879
80.4387893676759,9.11603069305426
80.4394454956056,9.11592864990257
80.4401931762695,9.11587619781494
80.4409408569335,9.11586189270031
80.4417648315431,9.11589717864996
80.4425430297852,9.11597442626964
80.4432907104494,9.11607933044456
80.4439315795899,9.11616992950439
80.444580078125,9.11624526977545
80.4451904296877,9.11630725860607
80.4459381103517,9.11633872985851
80.4466476440433,9.11635684967047
80.4473800659181,9.11637496948242
80.4480667114258,9.11639404296869
80.44881439209,9.1163959503175
80.4495620727541,9.11639976501465
80.4503707885743,9.11640262603771
80.4510879516603,9.11642074584967
80.4517745971683,9.11645317077659
80.4524536132812,9.11647129058838
80.4530715942383,9.116533279419
80.4539489746095,9.11662578582775
80.4545669555665,9.1166563034057
80.4552993774416,9.11668777465815
80.4561157226563,9.11674690246605
80.4567184448243,9.11679744720459
80.4574966430667,9.11684513092041
80.4582595825198,9.11684894561779
80.4590759277344,9.11685180664062
80.4599304199219,9.11685371398926
80.4607543945315,9.11687183380138
80.4616470336915,9.11687660217285
80.4625091552734,9.11689472198481
80.4634475708007,9.11689853668219
80.4641265869141,9.11691761016846
80.4647369384767,9.11695003509516
80.465400695801,9.11698246002209
80.4660720825196,9.11702728271484
80.4668045043946,9.1170454025268
80.4675292968751,9.11706447601324
80.4681701660157,9.11709785461431
80.4691238403321,9.11717319488537
80.469825744629,9.11725044250488
80.4704589843751,9.11732578277599
80.4713211059572,9.11740303039545
80.4720840454103,9.11740779876715
80.4727020263672,9.11740779876715
80.4734191894533,9.11739635467541
80.4742584228516,9.11740303039545
80.4749145507812,9.11740303039545
80.4755783081055,9.11742115020763
80.4763107299805,9.1174259185791
80.4769668579104,9.11741161346447
80.4778366088868,9.11740303039545
80.4784622192384,9.11738967895513
80.4791946411133,9.11736679077171
80.4798583984374,9.11733722686768
80.4805145263672,9.11732578277599
80.4811782836917,9.11734390258795
80.4818954467775,9.11737632751465
80.4828948974612,9.11739635467541
80.4836273193362,9.1173992156983
80.484260559082,9.11743068695091
80.4850311279299,9.11749172210705
80.4857101440431,9.11750984191917
80.4864120483399,9.11755561828625
80.4871597290041,9.11758995056158
80.4878311157229,9.11762046813971
80.488639831543,9.1176376342774
80.4893035888672,9.11765575408936
80.4899139404298,9.1176452636721
80.490562438965,9.11763572692882
80.491195678711,9.11760807037354
80.4916915893555,9.11725997924799
80.4919204711916,9.11666202545166
80.4920654296874,9.11604690551763
80.4921569824219,9.11543560028099
80.4926986694336,9.115146636963
80.4932861328126,9.1153383255006
80.4938430786133,9.11503505706781
80.4943161010745,9.11465740203863
80.494583129883,9.11410522460932
80.4946441650391,9.11343479156494
80.4947204589847,9.11271667480474
80.494987487793,9.11215019226069
80.4952392578126,9.11155319213867
80.4955520629885,9.1110010147097
80.495918273926,9.11050415039062
80.4964828491213,9.1101007461549
80.4971008300782,9.10980892181419
80.4976577758789,9.10956478118896
80.4982452392579,9.10930347442627
80.4987716674806,9.10901355743414
80.4993438720705,9.10869693756109
80.4998474121097,9.10834598541265
80.500259399414,9.10789680480957
80.5001602172852,9.10728168487572
80.5002822875977,9.10663890838629
80.5005187988281,9.10601425170893
80.50106048584,9.1054897308349
80.5015640258792,9.10509967803955
80.5021514892581,9.10482501983648
80.502670288086,9.10444641113281
80.5028915405276,9.10386466980003
80.5030364990235,9.10328197479259
80.50309753418,9.10263919830334
80.5031661987306,9.10204219818127
80.5033569335939,9.10138511657738
80.5036087036133,9.10077190399176
80.5039215087892,9.10014629364019
80.5040969848633,9.09954833984381
80.5042495727542,9.09893798828131
80.504379272461,9.09834003448492
80.504806518555,9.09790325164801
80.5052642822267,9.09746837615967
80.5056838989258,9.09694290161138
80.5060806274415,9.0964622497558
80.5065917968752,9.09614276885986
80.5071258544921,9.09582424163818
80.507537841797,9.09521579742443
80.5080337524415,9.09482383728027
80.5086212158206,9.09453392028814
80.5092086791995,9.09434509277344
80.5097122192383,9.09392356872564
80.5101699829104,9.09364986419689
80.5104370117188,9.09311199188255
80.5106582641602,9.09249877929693
80.5108947753907,9.09188556671154
80.5110626220704,9.09130477905285
80.5111618041994,9.09065341949474
80.5112228393555,9.09023761749268
80.511344909668,9.08962535858154
80.5115509033205,9.08902835845947
80.5117797851563,9.08844375610363
80.5121002197266,9.08792018890392
80.5123367309572,9.08732318878185
80.5123748779297,9.0866508483889
80.5121841430665,9.08606719970697
80.5118637084964,9.0854377746582
80.5118560791018,9.08481216430675
80.5122985839844,9.08437442779535
80.512893676758,9.08430290222162
80.5131454467774,9.08373641967773
80.5127716064454,9.08313560485851
80.5123214721681,9.08261013031
80.5122222900392,9.08196544647217
80.5126037597657,9.0814132690432
80.5130920410158,9.08097839355469
80.5130462646484,9.08030605316173
80.5129165649414,9.07966327667248
80.5129928588868,9.0790195465089
80.512908935547,9.07842063903809
80.5130004882815,9.0778102874757
80.5128707885742,9.07721138000488
80.512893676758,9.07656764984131
80.5134658813478,9.07632160186768
80.5140762329102,9.0765018463137
80.5146789550782,9.07639884948753
80.5153121948245,9.07602310180675
80.5159606933595,9.07580661773676
80.5166625976562,9.07586765289307
80.5173339843751,9.07600498199463
80.5179519653321,9.07602119445795
80.5186996459962,9.07600975036627
80.5193557739258,9.0759677886964
80.5200805664065,9.07594299316418
80.5208129882814,9.07606220245373
80.5215759277345,9.07605075836182
80.5221862792972,9.07600975036627
80.522834777832,9.07595539093018
80.523551940918,9.0758695602417
80.5242691040042,9.07588863372814
80.5250473022464,9.07594966888422
80.5257797241214,9.07603931427013
80.5263977050781,9.07610130310053
80.5272369384766,9.07613468170177
80.5280075073243,9.07619571685791
80.5287322998049,9.07619857788097
80.5293426513672,9.0761280059815
80.5299606323243,9.07608699798595
80.5305480957034,9.07627773284923
80.5310897827149,9.07660388946545
80.5315856933595,9.07696914672863
80.5319900512695,9.07745361328136
80.5323562622072,9.07795143127441
80.5328216552736,9.07849407196056
80.5332336425784,9.07897472381597
80.5335998535159,9.07947444915794
80.5340652465822,9.07998657226562
80.5345306396485,9.08044242858898
80.535041809082,9.08090972900402
80.5354919433595,9.08135223388672
80.536003112793,9.08186244964594
80.5364685058597,9.08233356475841
80.536964416504,9.08283138275146
80.5374221801761,9.08333015441895
80.5378875732424,9.08387470245373
80.5383377075196,9.08441257476807
80.5388183593752,9.08501434326178
80.5393600463867,9.08563041687023
80.539939880371,9.08624458312994
80.5404815673831,9.08677387237543
80.5410079956055,9.08728694915777
80.5414581298828,9.08771133422852
80.5419311523438,9.08815288543724
80.5424270629883,9.08859252929688
80.5428924560547,9.08901691436779
80.5433731079101,9.08947181701683
80.543815612793,9.08990955352789
80.5442657470704,9.09040927886969
80.544746398926,9.09096527099615
80.5451812744141,9.09146404266369
80.5456390380862,9.0919771194458
80.5460739135744,9.09253311157227
80.546455383301,9.09300041198753
80.5468902587891,9.09359073638916
80.5472564697266,9.09408473968506
80.5476760864258,9.09456920623779
80.5481262207034,9.09505367279053
80.5485229492187,9.09552097320562
80.5490036010743,9.09603404998791
80.5494384765628,9.09648990631109
80.5499649047852,9.09708690643311
80.5504608154299,9.09764289855963
80.5509033203126,9.09815979003906
80.5512924194337,9.09864139556896
80.5518341064454,9.09928894042969
80.552299499512,9.09980106353771
80.5528411865235,9.10034179687511
80.5533370971681,9.1008567810058
80.553909301758,9.10141277313227
80.5544357299804,9.10192584991461
80.5549545288087,9.10240936279303
80.5554275512697,9.10285091400146
80.5558776855469,9.10328769683838
80.5563125610354,9.10374355316173
80.5569000244143,9.10437297821068
80.5574722290042,9.10494518280052
80.5580673217773,9.1054897308349
80.5585174560547,9.10589790344244
80.5589828491214,9.10644054412847
80.5594406127931,9.10696887969982
80.5598907470704,9.10740661621105
80.560546875,9.10754394531273
80.5612106323243,9.10775089263939
80.5618362426761,9.10791301727295
80.562469482422,9.107988357544
80.5631408691407,9.10818195343018
80.5638885498047,9.10838699340826
80.5645828247072,9.10846424102795
80.5651931762696,9.10855293273931
80.565856933594,9.10864353179932
80.5665435791016,9.10877895355225
80.5673217773438,9.1089429855349
80.5680847167969,9.10907745361334
80.5687255859378,9.10921192169195
80.5695724487305,9.10933017730724
80.5702056884767,9.1094217300415
80.5708923339845,9.10954189300537
80.5716400146486,9.10969066619879
80.5724029541017,9.10979461669922
80.5730361938477,9.10990047454828
80.5736923217773,9.11000537872326
80.5743560791016,9.11009597778326
80.5749664306641,9.11021518707281
80.5756607055666,9.11028957366943
80.5763015747071,9.11024856567383
80.5770339965821,9.11019420623779
80.5777587890627,9.11024188995361
80.5784149169923,9.11030387878418
80.5791015625,9.11030578613276
80.5797500610353,9.1102924346925
80.5803833007812,9.11026668548578
80.5810699462891,9.11025619506836
80.5816955566409,9.11052036285395
80.5823135375978,9.11065483093262
80.5830154418948,9.11064338684105
80.5836791992188,9.11058902740484
80.584327697754,9.11057472229004
80.5848770141602,9.11083889007563
80.5852584838868,9.11135387420654
80.585433959961,9.11193847656256
80.5855331420898,9.11257839202881
80.5856018066407,9.11319446563743
80.5856399536133,9.1138801574707
80.5857009887698,9.11456584930414
80.5858154296876,9.11519241333008
80.5857238769531,9.11582374572765
80.5856018066407,9.11647796630865
80.5854644775392,9.11716175079346
80.5853195190433,9.11774730682379
80.5850677490235,9.1183881759643
80.5840911865235,9.12004661560059
80.5839767456058,9.12045478820795
80.583869934082,9.12091827392584
80.5837326049805,9.12132263183605
80.5835800170901,9.12172889709478
80.5834426879883,9.12217807769775
80.583351135254,9.12262916564947
80.5832290649413,9.12307834625256
80.5831146240235,9.12349987030041
80.5830078125003,9.12396335601829
80.582664489746,9.12423801422113
80.5822830200195,9.12443733215343
80.5819854736329,9.12473964691173
80.5818252563477,9.12513160705589
80.5817642211916,9.12555313110357
80.5817260742188,9.12601757049555
80.5822677612308,9.12615299224848
80.5827636718751,9.12614059448265
80.583190917969,9.12611389160168
80.5837326049805,9.12614822387701
80.5843124389649,9.12618160247808
80.5847702026367,9.12621402740479
80.585205078125,9.12624645233154
80.5856475830079,9.12626361846924
80.5862579345706,9.12631225585932
80.5867156982424,9.12633132934593
80.5873413085938,9.12627601623558
80.5877838134768,9.12624931335461
80.5883407592776,9.12621021270763
80.5890426635743,9.12615489959728
80.5896759033206,9.12610340118408
80.5901412963869,9.1260776519776
80.5907974243165,9.12606811523443
80.5915908813479,9.12608909606928
80.5922927856446,9.1261367797851
80.5928955078126,9.12618541717541
80.5935974121094,9.12621879577648
80.5941390991213,9.12619400024425
80.5947189331056,9.12615489959728
80.5954666137697,9.12609958648693
80.5959854125979,9.12601757049555
80.5966873168946,9.12598037719738
80.5974884033204,9.12602996826178
80.5979614257814,9.12606239318853
80.5984268188477,9.12609386444097
80.5989227294924,9.12614059448265
80.5995101928711,9.12618923187262
80.5999908447268,9.12621879577648
80.6005172729493,9.12631225585932
80.601028442383,9.12637424468994
80.6015701293947,9.12639236450207
80.602035522461,9.12636470794678
80.6027145385744,9.12634372711176
80.603385925293,9.12631702423096
80.604118347168,9.12626361846924
80.604820251465,9.12619590759283
80.6052932739258,9.12614059448265
80.6057128906253,9.12609958648693
80.6062850952151,9.12609100341808
80.606872558594,9.12603664398199
</coordinates>
</LinearRing>
</outerBoundaryIs>
</Polygon>