<Polygon>
<outerBoundaryIs>
<LinearRing>
<coordinates>
80.9632263183595,7.4875750541687
80.9643478393556,7.48719406127941
80.9654998779299,7.4870920181275
80.9667587280276,7.48719406127941
80.9678268432618,7.4872670173645
80.968978881836,7.48723793029785
80.9701766967775,7.48735380172729
80.9712295532228,7.4875159263612
80.972267150879,7.48773479461681
80.9734954833984,7.48798322677607
80.974250793457,7.48820209503185
80.9751052856446,7.48674297332786
80.9751739501956,7.48570394516003
80.9751739501956,7.48465299606318
80.9751586914065,7.48352718353271
80.9750747680665,7.48234415054344
80.9749298095704,7.48132085800171
80.9747390747071,7.48012495040905
80.9745864868167,7.47904205322288
80.9744720458986,7.47800493240379
80.9743270874024,7.47688102722174
80.9741897583009,7.47582817077648
80.9741058349611,7.47476387023937
80.9740142822268,7.47366809844982
80.9738845825197,7.4725279808045
80.9737701416016,7.47140216827404
80.9736099243165,7.47026300430304
80.9734573364261,7.46913909912115
80.9732971191406,7.46804285049433
80.9731674194337,7.46694707870495
80.9730224609376,7.46583700180059
80.9728469848634,7.46469879150391
80.9727249145508,7.46361684799189
80.9726867675784,7.46247720718384
80.9727249145508,7.46139478683494
80.9728164672852,7.46021223068237
80.9729614257814,7.45914506912237
80.9731597900391,7.45813798904419
80.973442077637,7.45702791213984
80.9736862182617,7.45597505569481
80.9739074707033,7.45496702194214
80.9740676879883,7.45379781723028
80.9741821289064,7.4525990486145
80.9743118286133,7.4515647888183
80.9744415283203,7.45043897628784
80.9745178222657,7.44921016693115
80.9745483398438,7.44804286956787
80.9745635986329,7.44690179824829
80.9745483398438,7.44576215744024
80.9745025634766,7.44463777542114
80.9744262695312,7.44345283508306
80.974349975586,7.442389011383
80.9742813110353,7.44126319885254
80.9742050170901,7.44012308120728
80.9741592407227,7.43902683258062
80.9741592407227,7.43793296813965
80.9741744995118,7.4368371963501
80.9742202758792,7.43580007553101
80.9742736816408,7.43465995788574
80.9743652343751,7.43353414535522
80.974494934082,7.43248414993286
80.9746704101564,7.431314945221
80.9748611450197,7.43026208877558
80.9750366210939,7.42916488647484
80.9751815795901,7.42810106277477
80.9752197265627,7.42697477340704
80.9750595092775,7.42583608627331
80.9746551513674,7.42485809326178
80.9739227294922,7.42409706115723
80.972999572754,7.42345619201672
80.9721527099609,7.42282676696772
80.9715423583987,7.42198181152344
80.9710159301758,7.42104482650768
80.9705047607422,7.42000818252563
80.9701538085938,7.41888380050665
80.9698257446292,7.41778802871727
80.9696273803714,7.41667795181274
80.9694747924804,7.41562700271612
80.9694366455081,7.41445779800421
80.9694595336917,7.41328907012939
80.969581604004,7.41208982467674
80.9697647094727,7.41106891632103
80.9701309204102,7.41005897521978
80.9709777832034,7.40912485122686
80.9719009399415,7.40839290618896
80.9728775024417,7.40782403945923
80.9738388061526,7.40738582611078
80.9748153686523,7.4067587852478
80.9758834838868,7.4061279296875
80.9769058227538,7.40563106536877
80.9778671264648,7.40511989593506
80.9785690307618,7.40418577194214
80.9790954589844,7.4031600952149
80.9794311523439,7.40213918685919
80.9798126220705,7.40104293823242
80.9803390502929,7.39994716644281
80.9808578491212,7.39882278442388
80.981254577637,7.39787292480463
80.9817352294924,7.3967199325561
80.9822463989257,7.39575290679943
80.9826126098636,7.39477491378784
80.9827270507813,7.39373588562034
80.9827423095704,7.39268589019781
80.9826507568359,7.39166402816784
80.9824523925781,7.39052295684826
80.9822769165041,7.38948583602917
80.9820251464847,7.38846492767345
80.9817352294924,7.38733911514294
80.9814987182617,7.38633108139049
80.9812927246093,7.38532209396374
80.981056213379,7.3842248916626
80.980781555176,7.38302898406994
80.9804763793946,7.38200521469116
80.9801635742188,7.3808679580689
80.9799499511722,7.37983083724981
80.9797286987308,7.37874889373779
80.9793167114258,7.37763881683344
80.9789047241212,7.37669086456299
80.9782333374026,7.37579679489136
80.9775314331056,7.37492179870617
80.976921081543,7.37398719787603
80.9763946533205,7.37290716171276
80.975959777832,7.37184095382685
80.9756088256838,7.37083292007458
80.9754714965821,7.36964797973638
80.975456237793,7.3685240745545
80.9755783081054,7.36747121810924
80.9757232666018,7.3663911819458
80.9759063720704,7.36516284942638
80.9760665893555,7.3640527725222
80.9762725830079,7.36292886734014
80.9765472412109,7.36176013946528
80.9767837524414,7.3607068061828
80.9770736694339,7.35971593856823
80.9775238037111,7.3586630821228
80.9780120849612,7.3576550483703
80.9784317016601,7.3566889762879
80.9789123535157,7.35568094253546
80.9794235229494,7.35470104217529
80.9798583984376,7.35372400283819
80.9803161621097,7.35262680053711
80.980781555176,7.35156106948864
80.9812469482423,7.35050821304321
80.9816589355472,7.34945678710938
80.9820327758792,7.34847879409796
80.9824600219727,7.34743976593029
80.9829254150391,7.34644603729242
80.9833297729493,7.34543895721441
80.9836425781252,7.34438800811779
80.9839630126953,7.34331893920904
80.9842681884766,7.34207677841187
80.9846038818359,7.34107017517096
80.9849243164062,7.33991718292242
80.9853439331056,7.33895015716553
80.9857254028322,7.33788585662842
80.9861145019533,7.33677577972423
80.9864807128908,7.33569288253807
80.9868621826174,7.33472919464111
80.9871520996095,7.33366298675543
80.9874725341797,7.33263921737682
80.9878082275392,7.33152914047247
80.987892150879,7.33046293258673
80.9878082275392,7.3294119834901
80.987632751465,7.32835912704468
80.9874496459963,7.32801294326794
80.9873962402343,7.32743215560907
80.9872741699219,7.32642889022827
80.9871978759768,7.32549905776978
80.9872512817385,7.32458305358881
80.9874954223633,7.32357788085943
80.9877395629886,7.32266092300415
80.9880218505861,7.32178592681896
80.9882965087892,7.32097005844116
80.988540649414,7.31999206542974
80.9887619018556,7.31913280487072
80.9890823364261,7.31818723678589
80.9893798828126,7.31732797622681
80.9896850585937,7.3165102005006
80.9901275634767,7.31562089920044
80.9906082153323,7.31468677520752
80.9909667968751,7.31381082534801
80.9911651611329,7.31289482116705
80.9914474487306,7.31197404861445
80.9918212890627,7.31108617782604
80.9922103881838,7.31018114089972
80.9924697875977,7.30930805206293
80.9926834106446,7.30843305587774
80.9929733276369,7.3075728416444
80.9932403564454,7.30665493011486
80.9935913085938,7.30582523345947
80.9939346313478,7.305006980896
80.9942321777347,7.30413389205955
80.9945526123047,7.30334615707403
80.9949569702149,7.3025269508363
80.9953842163089,7.30170917510986
80.9958496093752,7.30092477798462
80.9965744018555,7.30011796951305
80.9972381591797,7.2994298934936
80.9978942871093,7.29862594604492
80.9983825683594,7.29790782928472
80.9988174438479,7.29697513580334
80.9991302490235,7.29613018035889
80.9994888305665,7.29535722732555
80.9998779296876,7.29448223114036
81.0001983642578,7.2935929298402
81.0004272460939,7.29263114929205
81.0006942749025,7.2916831970216
81.0009918212892,7.29070806503307
81.001205444336,7.28980493545555
81.0014266967774,7.28894376754772
81.0017089843749,7.2878661155703
81.0019073486328,7.28699302673351
81.0020446777347,7.28607702255255
81.0021286010744,7.28515815734875
81.0022583007815,7.28425788879389
81.0023803710938,7.28339910507208
81.0025787353516,7.2825231552124
81.0027770996094,7.28150510787975
81.0029449462891,7.28051614761353
81.0030746459963,7.2795557975769
81.0032730102541,7.2786221504212
81.003517150879,7.27764797210705
81.0037689208987,7.27678680419922
81.0040435791017,7.27578210830683
81.0042724609376,7.27489280700689
81.0045547485354,7.27381515502924
81.0047225952151,7.27294206619268
81.004867553711,7.27206897735607
81.0051803588869,7.27099084854137
81.0054931640628,7.27005720138555
81.0057525634767,7.26896476745605
81.0060806274417,7.26810598373424
81.0065307617189,7.26708221435547
81.0069885253907,7.26623678207397
81.0075073242188,7.26541900634788
81.0080337524416,7.26457309722895
81.0084533691407,7.26381206512463
81.0089111328128,7.26292276382446
81.0093460083008,7.26204490661621
81.0095748901369,7.26123189926159
81.0097427368166,7.26036977767944
81.0099411010744,7.25939702987682
81.0100402832032,7.25849485397339
81.0104141235352,7.25755977630621
81.0107421875001,7.25668716430664
81.0110092163089,7.25583887100225
81.011329650879,7.25496578216564
81.0115890502933,7.2540340423584
81.0117874145511,7.25311613082886
81.0119705200198,7.25217008590698
81.012077331543,7.25132417678856
81.0121917724609,7.25027799606323
81.0124740600587,7.24934577941889
81.0127182006837,7.24845695495617
81.0129318237308,7.24762487411493
81.0131301879886,7.24669313430786
81.0131835937502,7.24582290649414
81.0131683349609,7.24489021301275
81.013053894043,7.24396085739136
81.0130996704103,7.24310398101812
81.0130310058594,7.24217414855963
81.0128784179688,7.24133014678961
81.013107299805,7.24050092697149
81.0135879516603,7.23939323425293
81.0141906738282,7.23850011825562
81.0146560668948,7.23772716522211
81.0151443481446,7.23696804046637
81.0154571533203,7.23616600036627
81.0158309936523,7.2352309226992
81.0161590576175,7.23434019088751
81.0165252685548,7.2334008216859
81.0163116455079,7.23217678070068
81.0162811279297,7.23126077651978
81.0159835815433,7.23041820526129
81.0154495239258,7.22956323623669
81.014831542969,7.22865200042736
81.0142593383792,7.22785615921043
81.0139923095704,7.22692918777466
81.0135040283206,7.22620582580572
81.013107299805,7.22533512115479
81.0127105712892,7.22448110580444
81.01220703125,7.22371482849121
81.0117645263673,7.22299003601074
81.0111312866212,7.22215080261242
81.0106201171876,7.22128295898438
81.0102081298829,7.22045612335205
81.0098342895508,7.21965980529785
81.0095520019533,7.21871709823614
81.0092391967774,7.21792078018194
81.0087585449218,7.21719694137585
81.0081558227542,7.21647405624401
81.0073928833011,7.21597003936773
81.006576538086,7.21542310714716
81.0057830810547,7.21505212783819
81.0049514770507,7.21473693847668
81.0041351318361,7.21445322036737
81.0034179687499,7.21389007568359
81.0024795532227,7.21373701095581
81.0016326904297,7.21358394622814
81.0007400512698,7.2134308815003
80.9997787475589,7.21333599090576
80.9988784790041,7.21334314346319
80.9979095458984,7.21329021453869
80.9969635009767,7.21329879760754
80.9960327148439,7.21340608596813
80.9951705932618,7.21364593505859
80.9942550659183,7.21373891830456
80.9932479858399,7.21387815475464
80.9923934936525,7.21398496627819
80.9915313720704,7.21405076980597
80.9905242919922,7.21423101425165
80.9895324707033,7.21432685852056
80.9886550903321,7.21428823471081
80.9877548217776,7.21410608291632
80.986831665039,7.21389579772955
80.9859695434571,7.21360921859741
80.9850387573243,7.21322393417364
80.9841766357422,7.2129979133606
80.9832839965821,7.21262693405163
80.9825057983398,7.21209383010876
80.9818496704104,7.21148681640636
80.9813613891602,7.21067810058616
80.9810333251954,7.20989418029785
80.9806976318362,7.20909881591797
80.9803695678713,7.20819902420038
80.9800262451172,7.20740079879766
80.9795150756837,7.20657777786249
80.9789657592776,7.20576381683361
80.9786300659179,7.20498323440557
80.9782028198245,7.20414400100708
80.9778213500979,7.20337581634521
80.9772415161134,7.20274019241344
80.976661682129,7.20211791992193
80.9759674072266,7.20158481597912
80.9749450683595,7.20106887817388
80.9743576049805,7.20023107528709
80.9741744995118,7.19935989379888
80.9741897583009,7.1985011100769
80.9739913940431,7.19764614105225
80.9736251831058,7.19683313369751
80.9729385375978,7.19625806808477
80.9720001220705,7.19630622863781
80.9710540771486,7.19644498825068
80.9702072143558,7.19664096832287
80.9693832397462,7.1969509124757
80.9684829711917,7.19746589660639
80.9676055908205,7.19737005233787
80.9667434692384,7.19714498519909
80.9659271240235,7.19685983657848
80.9649734497071,7.19657516479492
80.9640274047852,7.19627618789673
80.9631881713867,7.19590520858776
80.962287902832,7.19591379165661
80.9614410400393,7.19619417190574
80.9606399536134,7.19647693634039
80.959800720215,7.19687414169306
80.9589996337891,7.19730377197271
80.9581298828126,7.197816848755
80.9573135375978,7.19828891754156
80.9566192626954,7.19877386093151
80.9558944702151,7.19922780990612
80.9549865722656,7.19954013824457
80.9540405273438,7.19972181320196
80.9531402587891,7.19983005523704
80.9522933959964,7.19990921020531
80.9514312744141,7.19980001449596
80.950584411621,7.19968795776373
80.9496383666992,7.19973802566534
80.9487915039063,7.19993400573736
80.9479370117188,7.20010089874273
80.9470138549806,7.2003669738769
80.9461593627933,7.20070886611944
80.9453125,7.20113611221319
80.9444274902345,7.20133209228538
80.9435272216796,7.20170307159435
80.9426498413087,7.20198583602917
80.9417343139649,7.2020201683045
80.940887451172,7.20192384719871
80.9399795532227,7.20190095901495
80.9391250610354,7.20186519622808
80.9382019042969,7.2017707824707
80.9373397827149,7.20161581039429
80.9363327026369,7.20137500762939
80.935386657715,7.20107889175426
80.9345474243167,7.20085096359276
80.9335556030275,7.2005090713501
80.9325485229493,7.2002100944519
80.9314956665042,7.19999790191656
80.9306259155273,7.19991779327398
80.9297180175782,7.19979476928705
80.928634643555,7.19957017898571
80.9277343750002,7.19961977005011
80.9269027709964,7.19982719421398
80.9260177612306,7.20000982284552
80.9249954223636,7.20029497146629
80.9241638183594,7.20054483413696
80.9232482910157,7.20080089569092
80.9224472045899,7.20108079910284
80.9216918945313,7.20146608352661
80.9211730957034,7.20184707641613
80.9200592041018,7.20201492309576
80.9191284179688,7.20221090316778
80.9181671142578,7.20231819152838
80.9172668457033,7.20242786407476
80.9164352416995,7.20225906372082
80.915397644043,7.20196104049694
80.9145355224609,7.20176219940191
80.913673400879,7.20137691497814
80.912841796875,7.20109176635754
80.9119949340821,7.20080518722534
80.9111862182618,7.20047903060913
80.9104385375977,7.20001888275158
80.909622192383,7.1997909545899
80.9084091186526,7.19940805435181
80.9075469970703,7.19915008544922
80.9066619873048,7.19908380508434
80.9057998657228,7.19896078109747
80.9048233032227,7.19887876510631
80.9039154052736,7.19919109344494
80.903091430664,7.19946002960205
80.9021530151367,7.1993651390078
80.9011917114257,7.19935607910156
80.9002456665039,7.19932079315191
80.8993377685549,7.19915008544922
80.898490905762,7.19893789291382
80.8975982666017,7.19864177703852
80.8970108032227,7.1980037689209
80.896408081055,7.1971359252932
80.8957748413087,7.19612407684338
80.8952636718753,7.1950798034668
80.8948364257814,7.19406604766857
80.8944931030276,7.19317913055426
80.8941802978517,7.19210815429688
80.893882751465,7.19120788574224
80.8935546874999,7.19032287597668
80.8931427001956,7.189453125
80.8928451538088,7.18855190277105
80.8925094604493,7.18774080276489
80.8919525146485,7.18707799911505
80.8913040161135,7.18642616271973
80.8904876708987,7.18576478958141
80.889762878418,7.18499898910522
80.8891906738281,7.1841578483581
80.8886337280275,7.1833062171936
80.8880615234377,7.18246698379528
80.8874435424808,7.18183088302624
80.8866958618163,7.18119478225719
80.8857574462891,7.18078279495251
80.8848571777344,7.18077087402355
80.8839416503907,7.18082380294823
80.8831405639649,7.18113422393793
80.8823699951172,7.18167877197271
80.8818054199219,7.18233489990246
80.8812942504884,7.18306684494019
80.8809356689456,7.18392610549927
80.8806915283204,7.18477106094372
80.8803787231448,7.18561697006231
80.8801956176761,7.1865491867066
80.8803024291993,7.18749284744268
80.8803787231448,7.18833589553833
80.8807220458986,7.18926382064842
80.8811187744143,7.19007682800304
80.881530761719,7.19082880020147
80.8818130493165,7.19174289703369
80.8819656372072,7.19261407852167
80.8817214965823,7.19348907470709
80.8812103271486,7.19417476654053
80.8804321289064,7.19453096389782
80.8795700073243,7.19465112686163
80.8786239624025,7.19473123550421
80.8777008056643,7.19494104385376
80.8766860961915,7.19506406784069
80.8758392333984,7.19501209259045
80.8748626708984,7.19491815567017
80.8739547729494,7.19454383850103
80.8730468750001,7.19431877136225
80.872200012207,7.19401979446411
80.871238708496,7.19379377365135
80.870330810547,7.19337987899786
80.8693618774416,7.19283294677729
80.8684616088868,7.1923880577088
80.8675079345704,7.19204616546625
80.8665313720705,7.19222879409796
80.8656768798831,7.19242191314703
80.8646850585938,7.19272089004539
80.863883972168,7.19314718246471
80.8630676269533,7.19364881515514
80.862243652344,7.19404697418213
80.8613357543945,7.19428396224987
80.860466003418,7.19413185119652
80.8593063354493,7.1938009262085
80.8586654663086,7.19369220733654
80.8579483032228,7.19317483901983
80.8572311401368,7.19258213043236
80.8564453125001,7.19219684600824
80.8555755615237,7.19173622131342
80.8546752929689,7.19132184982305
80.8538665771487,7.1909642219544
80.853080749512,7.19064903259289
80.8522491455079,7.19024801254284
80.8513870239261,7.1902117729187
80.8503952026368,7.19027519226086
80.849494934082,7.19051504135132
80.8485565185547,7.1908268928529
80.8476867675782,7.19116878509521
80.8465118408203,7.19174098968506
80.845901489258,7.19199419021601
80.8450698852542,7.19226121902472
80.8442535400391,7.19252681732183
80.843391418457,7.19279623031616
80.8425216674805,7.19317913055426
80.8415603637696,7.19350719451904
80.8406600952149,7.19367122650152
80.8397293090823,7.19392681121826
80.838806152344,7.19422292709373
80.8378448486331,7.19443321228033
80.8369140624999,7.19448280334473
80.836036682129,7.19459199905396
80.8351211547852,7.19475889205933
80.8342056274417,7.19477891922003
80.8332672119143,7.19490194320679
80.8323974609375,7.1949520111084
80.8312911987305,7.19500207901024
80.8304138183597,7.19503879547125
80.8295211791994,7.19500017166149
80.8286514282228,7.19504976272606
80.8276901245118,7.19499778747581
80.8268127441406,7.1948428153994
80.8259506225587,7.19466114044201
80.8250885009765,7.19452095031761
80.8240814208986,7.19441223144531
80.8231506347659,7.19440317153942
80.8223037719727,7.19467210769648
80.8215179443361,7.19501209259045
80.8206329345704,7.19530820846552
80.8198318481446,7.19573593139654
80.8189697265628,7.19626522064209
80.8183212280274,7.19685077667242
80.8175354003907,7.19723415374756
80.8167037963867,7.19777822494507
80.8159942626953,7.19827795028687
80.8150787353516,7.19838476181042
80.8142013549808,7.19831895828247
80.8133392333985,7.19832277297979
80.8124847412112,7.19844579696655
80.811492919922,7.1983370780946
80.8104400634767,7.19843196868902
80.8097610473633,7.19914817810059
80.8090057373048,7.19961977005011
80.8082351684571,7.20005989074713
80.8074188232422,7.20037221908581
80.8065567016604,7.20069789886475
80.8057861328128,7.20110988616949
80.8049850463868,7.20159578323376
80.8041763305665,7.20215177536022
80.8037872314453,7.2029700279237
80.803176879883,7.20375919342041
80.8026885986329,7.20450401306158
80.8024291992189,7.20539283752464
80.8025970458984,7.20623588562017
80.8027038574219,7.20714998245234
80.8027801513672,7.20804977416992
80.8029556274413,7.20906877517723
80.8031845092775,7.20996713638311
80.8033218383792,7.21089696884161
80.8033065795901,7.21185684204102
80.8031387329104,7.21290493011475
80.8028717041016,7.21379423141491
80.8025512695315,7.21473979949957
80.8020935058594,7.21550083160406
80.8017120361329,7.21631717681879
80.8013839721681,7.21721887588495
80.8016510009767,7.21813583374023
80.8021087646485,7.21893119812006
80.8025512695315,7.21974182128901
80.8028335571289,7.22055578231812
80.8031158447268,7.22152709960943
80.803176879883,7.22244310379034
80.8030929565431,7.22330188751221
80.8029708862305,7.22415876388561
80.8026809692383,7.22507810592651
80.8021621704104,7.22574996948237
80.8015365600587,7.22636604309105
80.800765991211,7.22689390182501
80.7998809814456,7.22729301452648
80.7989883422853,7.22760486602789
80.7980194091797,7.22788810729975
80.7972335815429,7.2284169197082
80.7964630126956,7.22892999649054
80.7961273193361,7.2297182083131
80.7957534790041,7.23059082031261
80.7954940795901,7.23148012161278
80.7952270507813,7.23238182067894
80.7946929931641,7.23305702209478
80.7940368652345,7.23361301422125
80.793312072754,7.23408317565924
80.7925109863283,7.23462677001953
80.7917709350586,7.23506689071655
80.7910156250001,7.23546600341803
80.7902450561523,7.2358632087707
80.7893371582032,7.23624801635742
80.788627624512,7.2367901802063
80.7880630493167,7.23747587203979
80.7874832153323,7.23813676834118
80.7869338989257,7.23883914947504
80.7864532470704,7.23956918716436
80.785873413086,7.24037122726452
80.7853698730472,7.24118900299072
80.7849960327151,7.24206399917614
80.784606933594,7.24299621582026
80.7843933105469,7.24398803710938
80.784164428711,7.24487686157227
80.7839965820313,7.24589776992798
80.7837524414064,7.24685716629034
80.7832336425782,7.24754285812378
80.7823715209961,7.24799919128424
80.7814559936525,7.2481517791748
80.7804794311525,7.24795579910284
80.7795715332032,7.24803304672247
80.7786560058594,7.24846220016485
80.7779617309573,7.24900388717674
80.7773513793946,7.24972200393677
80.7767562866212,7.25045108795177
80.7762222290042,7.2511830329895
80.7756118774415,7.25204515457165
80.7750244140626,7.25277614593506
80.7743530273437,7.25353479385382
80.7737884521484,7.25417995452892
80.7731933593753,7.25492477416987
80.7726135253909,7.25567102432257
80.7720336914065,7.25635719299328
80.7713546752931,7.25703096389776
80.7705688476564,7.25776290893566
80.769889831543,7.2584080696106
80.7691345214844,7.2590389251709
80.7682876586916,7.25963878631603
80.7676086425782,7.26015377044672
80.7669448852541,7.26088476181053
80.7662124633789,7.26158714294439
80.7655944824219,7.26221895217901
80.7649383544922,7.26296377182001
80.7643585205079,7.26372289657598
80.7639770507813,7.26426506042492
80.7625350952148,7.26628017425537
80.7619400024417,7.26704120635992
80.761375427246,7.26781415939337
80.7607803344729,7.26850223541283
80.7600708007814,7.26919078826916
80.7592468261722,7.26988077163702
80.7586059570313,7.27045106887829
80.7578048706056,7.2709641456604
80.7570800781251,7.27146482467651
80.7564315795898,7.27206516265869
80.7557449340821,7.27273893356318
80.7550811767578,7.27330923080444
80.7545471191408,7.27393102645868
80.7539443969726,7.27381277084362
80.7530975341797,7.27375984191889
80.7521743774415,7.27360486984247
80.7514038085939,7.27323102951044
80.7507858276368,7.272539138794
80.7505340576174,7.27171087265015
80.7503356933594,7.27081108093256
80.7504348754883,7.26996803283691
80.7506790161136,7.26909303665173
80.7509231567385,7.26824712753296
80.7512359619143,7.26738977432245
80.7515563964844,7.26651477813726
80.7517089843752,7.26565599441528
80.7519989013675,7.26481008529669
80.7524871826172,7.26390504837059
80.7528381347658,7.26307296752941
80.7531967163086,7.26225709915173
80.7536697387696,7.26151180267334
80.754150390625,7.26076889038092
80.7545547485353,7.25993680953991
80.7548141479493,7.25906181335455
80.755065917969,7.25814390182501
80.755355834961,7.25724077224731
80.7555999755861,7.25642490386963
80.7557983398439,7.2553768157959
80.7558822631838,7.25448989868175
80.7557907104493,7.2536039352417
80.7552337646487,7.25286483764648
80.7545547485353,7.25230216979975
80.7537078857425,7.25187397003185
80.7528457641603,7.25170278549206
80.7529754638675,7.25117921829235
80.7535095214845,7.25046300888073
80.7540054321289,7.24973392486572
80.7545394897463,7.2490611076355
80.7551651000977,7.24843215942377
80.7557983398439,7.24787378311169
80.7565383911133,7.24720096588146
80.7571792602538,7.24633789062506
80.7574234008791,7.24544906616211
80.757682800293,7.24461889266968
80.7579498291015,7.2437739372254
80.7585906982422,7.24318790435802
80.7592468261722,7.2425589561463
80.7597656250001,7.24184322357172
80.760078430176,7.2409839630127
80.7603073120118,7.24012184143072
80.7608489990236,7.23940706253052
80.7616271972658,7.23888015747082
80.7624282836915,7.23852491378784
80.7633514404297,7.23826980590826
80.7642974853517,7.23804616928101
80.7650833129883,7.23766279220604
80.7659530639648,7.23732423782349
80.7666778564456,7.2368087768557
80.7668228149415,7.23596477508556
80.7662506103516,7.23528385162359
80.7655181884767,7.23470687866205
80.7648696899416,7.23411703109753
80.764472961426,7.23333501815796
80.7643814086915,7.23249197006226
80.7645950317386,7.23156023025518
80.7653198242188,7.23091506958008
80.7657852172852,7.23011207580566
80.7656173706056,7.22919893264793
80.7652511596681,7.22842788696289
80.7647781372073,7.22770595550548
80.7645416259766,7.22684907913208
80.7647857666018,7.22601890563965
80.7650604248049,7.22512817382812
80.7657241821292,7.22452878952026
80.7665939331055,7.22402906417847
80.7675018310547,7.22386312484736
80.7683868408204,7.22381305694591
80.7691574096683,7.22345685958862
80.769401550293,7.22259998321539
80.7689590454103,7.22187614440924
80.7685470581055,7.22094821929932
80.7683792114259,7.21990203857433
80.7684631347658,7.21889877319336
80.7689590454103,7.21818304061895
80.7689208984376,7.21725082397467
80.7683181762696,7.21647214889521
80.7674560546878,7.21628713607788
80.7666549682618,7.21594476699829
80.7662124633789,7.2151770591737
80.7663269042972,7.21424484252941
80.7666702270509,7.21347284317017
80.7671661376953,7.21271419525146
80.7677841186524,7.21183586120617
80.76823425293,7.21094703674322
80.7681961059571,7.21003103256231
80.7680358886722,7.20914411544794
80.7679138183595,7.20827388763422
80.767936706543,7.20738697052008
80.7682266235354,7.20651197433472
80.7687988281253,7.20567989349371
80.7691650390628,7.20484781265264
80.7693634033206,7.20397520065313
80.7693557739261,7.20298576354986
80.7695388793948,7.20214080810558
80.7700347900391,7.20138216018688
80.7707138061526,7.20082283020025
80.7711791992188,7.20006418228172
80.771125793457,7.19915008544922
80.7708740234378,7.1983370780946
80.7703018188479,7.19758510589594
80.7696609497071,7.19693517684937
80.7689285278321,7.19634485244774
80.76806640625,7.19592809677118
80.7671127319336,7.19573211669922
80.76619720459,7.19541692733765
80.7658691406251,7.19463491439831
80.7656631469727,7.19372177124023
80.7653808593749,7.19280481338495
80.764846801758,7.19197988510143
80.7642898559572,7.19133090972895
80.7634277343751,7.19100284576416
80.7626113891602,7.19068813323986
80.7619247436526,7.19012498855591
80.7613372802737,7.18941593170177
80.7610702514649,7.18851613998419
80.7606964111329,7.18770503997803
80.7598953247072,7.18689584732078
80.7591934204102,7.18636178970348
80.7584686279298,7.18577194213873
80.7577972412111,7.18523883819603
80.7571258544923,7.18464612960821
80.7564086914065,7.18408489227306
80.7561721801759,7.18382787704491
80.7556762695312,7.18329000473022
80.7550811767578,7.18233489990246
80.754524230957,7.1815237998963
80.7539672851564,7.18081521987921
80.7534255981447,7.18001890182506
80.7528991699219,7.17935419082647
80.7523651123048,7.17864513397217
80.7516174316409,7.17805194854748
80.7508773803714,7.17760801315308
80.7500534057618,7.17697381973261
80.7493362426761,7.1763391494751
80.7487335205079,7.17573213577271
80.7480773925783,7.17511177063
80.7474288940433,7.17446279525751
80.7468414306643,7.17382478713989
80.7463150024413,7.17298603057861
80.7458038330078,7.17229080200207
80.7451553344729,7.17165517807007
80.744453430176,7.17104911804194
80.7438507080078,7.1704149246217
80.7433547973633,7.16967678070074
80.7428970336914,7.16864585876471
80.7424926757812,7.16786479949957
80.7417526245117,7.16744804382324
80.741134643555,7.16678190231329
80.7409515380862,7.16589784622198
80.7409667968749,7.16496610641491
80.7407684326175,7.1641092300415
80.7402877807618,7.1634001731872
80.7397842407229,7.16250181198114
80.739128112793,7.16179323196411
80.7382354736329,7.1618142127993
80.7373275756839,7.1617197990418
80.7364654541016,7.16143512725841
80.7356338500976,7.16112089157116
80.7347488403321,7.16104078292858
80.7339172363281,7.16081094741833
80.7330398559571,7.16048479080212
80.7321319580079,7.16018390655518
80.7313690185547,7.15976715087896
80.7306823730469,7.15926313400291
80.729949951172,7.1587438583374
80.7294235229493,7.15806388854992
80.7291412353515,7.15722322463989
80.7287979125978,7.15638208389277
80.7282867431641,7.15570116043102
80.7275848388675,7.15506696701073
80.7269515991212,7.15431499481207
80.7263488769531,7.15353393554699
80.7257461547853,7.15275382995605
80.7251052856448,7.15210390090942
80.7246017456056,7.15136384963995
80.7241210937501,7.15064096450811
80.7237625122073,7.14977121353161
80.7235565185548,7.1489000320434
80.7234191894531,7.14799976348877
80.7231216430665,7.1472020149231
80.7228164672854,7.14631795883184
80.7225036621095,7.14541816711426
80.7223052978517,7.14450120925898
80.7221145629885,7.14358711242699
80.721862792969,7.1426568031311
80.7216339111329,7.14174413681042
80.7215194702148,7.14088678359997
80.7214355468751,7.13996982574469
80.7211456298828,7.13912916183466
80.7204360961914,7.13836383819591
80.7196655273439,7.13819503784174
80.7184066772462,7.13725996017456
80.7178115844727,7.13673877716064
80.7171554565431,7.1362738609314
80.71639251709,7.13598394393932
80.715690612793,7.13562393188499
80.7151031494141,7.13505697250366
80.7145919799806,7.13437509536743
80.7141876220704,7.13367509841919
80.7138061523438,7.13295078277599
80.7132949829104,7.13220977783203
80.7127380371093,7.13157176971441
80.7122650146485,7.13091802597046
80.711799621582,7.13023376464855
80.7112579345705,7.12959623336798
80.7105865478517,7.12894201278698
80.7106933593752,7.12833786010742
80.7106552124023,7.12725496292114
80.7105560302735,7.12646913528437
80.7100982666017,7.12577104568493
80.7094573974612,7.12530899047857
80.7087554931641,7.12487316131592
80.7080383300781,7.12452507019043
80.7073516845704,7.12409210205101
80.7066955566408,7.12358283996588
80.7059936523438,7.12319087982172
80.7054519653323,7.1225671768189
80.7052230834962,7.12172412872337
80.7049026489261,7.12092590332026
80.7043151855472,7.12031507492065
80.7036285400392,7.11976385116583
80.7029113769532,7.11943101882957
80.7021408081055,7.11914396286016
80.7016677856448,7.11844396591198
80.7015228271486,7.11761379241955
80.701095581055,7.11681699752813
80.7005157470706,7.11616277694714
80.6998825073243,7.11555385589611
80.6993713378909,7.11485719680786
80.6988296508789,7.11421585083008
80.6981201171875,7.11357784271263
80.6975936889649,7.11292600631714
80.6972427368165,7.11219882965088
80.6973419189455,7.11117982864391
80.6972656250003,7.11059904098522
80.6970138549805,7.10976982116711
80.6964874267581,7.10908794403099
80.6959533691406,7.10847711563122
80.6952362060549,7.10789823532116
80.6947631835939,7.10725784301769
80.6946334838867,7.10647201538092
80.6945571899415,7.10568809509277
80.6945571899415,7.10484218597423
80.6944808959963,7.10404396057129
80.6942062377933,7.10328817367565
80.6938858032228,7.10253286361706
80.6933898925782,7.10183382034313
80.6927871704102,7.101312160492
80.6921463012695,7.10081911087042
80.6913528442386,7.10045719146751
80.690803527832,7.09987783432018
80.6904220581054,7.09909200668346
80.6903762817384,7.09814596176159
80.6908569335939,7.09748983383184
80.6914520263672,7.09693622589134
80.6910324096681,7.09626817703247
80.6906356811523,7.09557104110729
80.6901397705079,7.094801902771
80.6897735595704,7.09410285949707
80.6894073486329,7.09336185455322
80.6888504028321,7.09270811080933
80.6882247924805,7.09211301803583
80.6873931884766,7.09175109863276
80.6867370605469,7.09220409393305
80.6860351562499,7.09271478652954
80.6852340698245,7.09291982650763
80.6843872070312,7.09302520751959
80.6835784912109,7.09302520751959
80.6827774047854,7.09296989440924
80.6819610595704,7.09294319152826
80.6811599731446,7.09295892715477
80.6802978515628,7.09301805496216
80.6793746948242,7.093180179596
80.6785583496097,7.09344577789318
80.6778030395511,7.09366512298584
80.6770706176757,7.09397077560425
80.6763153076171,7.0943222045899
80.6756439208985,7.09476089477539
80.6748428344728,7.09509611129766
80.6740493774416,7.0955481529237
80.673194885254,7.09595823287964
80.67244720459,7.09626579284679
80.671600341797,7.09660291671747
80.6708450317383,7.09698390960716
80.6701583862306,7.09749221801763
80.6695175170899,7.09814786911016
80.668800354004,7.09874486923223
80.6682205200196,7.09928607940685
80.6676177978516,7.09981203079224
80.6669235229495,7.10030698776256
80.6661605834964,7.10074377059931
80.6654052734378,7.10113811492931
80.6649627685547,7.10134077072155
80.6646118164063,7.10150480270386
80.6638107299805,7.10182714462286
80.6629333496097,7.10197496414179
80.6620483398439,7.10201787948614
80.6612548828125,7.10201978683477
80.660453796387,7.10202312469488
80.6595916748047,7.10201120376593
80.6587066650392,7.10198402404791
80.6578445434572,7.10194110870373
80.6569061279299,7.10187005996704
80.6560134887696,7.1018152236939
80.6552276611329,7.10183095932007
80.6543960571289,7.10186100006115
80.6534500122072,7.10195016860962
80.6526718139648,7.10218477249151
80.6518402099611,7.10247898101807
80.6510391235352,7.10268402099609
80.6501770019531,7.10281610488892
80.6493453979493,7.10291814804077
80.6485595703126,7.10292100906366
80.6477584838869,7.10274791717529
80.6469955444338,7.10232782363897
80.6463394165042,7.10183620452875
80.6456680297852,7.10140085220337
80.6448745727541,7.10113811492931
80.6440887451172,7.10102510452293
80.6432571411134,7.1009831428529
80.6424560546876,7.10096979141258
80.6416244506838,7.10084199905401
80.6408309936523,7.10048007965094
80.6400299072268,7.10030698776256
80.6392440795899,7.10014677047729
80.6384429931641,7.09983015060436
80.6378402709963,7.09929180145264
80.6375503540042,7.09854888916021
80.6373443603517,7.09776496887207
80.6372222900391,7.09692192077637
80.6372222900391,7.09599208831787
80.6371231079102,7.09516286849976
80.6367263793946,7.09442186355597
80.6363601684571,7.09372186660789
80.6358184814454,7.09296798706066
80.6352615356448,7.09240293502813
80.6346054077148,7.0917639732362
80.6339187622071,7.09121084213263
80.6335678100589,7.09050178527832
80.6333312988282,7.08971500396729
80.6333618164065,7.08890008926392
80.6335067749024,7.08788108825678
80.6336517333984,7.08699417114281
80.6334457397463,7.08620977401745
80.6330337524414,7.08527803421015
80.6325378417969,7.08443689346325
80.6318130493165,7.08394193649292
80.6311950683594,7.08333396911621
80.6308135986329,7.08253383636486
80.6304626464844,7.08174991607672
80.629936218262,7.08107995986938
80.6293258666993,7.08047103881836
80.6286849975588,7.07990407943726
80.6279067993166,7.07958698272711
80.6271057128906,7.07925415039068
80.6262741088868,7.07910823822033
80.6253204345704,7.07905387878424
80.6244735717775,7.07908296585106
80.6236038208008,7.07920217514061
80.6227416992189,7.07924699783337
80.6218490600587,7.07907581329357
80.621047973633,7.07890319824224
80.6201248168946,7.07865715026861
80.619338989258,7.07841110229515
80.6184768676761,7.07812118530268
80.6176147460939,7.07787513732904
80.6167373657227,7.07766103744513
80.6159210205079,7.07722616195679
80.6152343750003,7.07674694061274
80.6145019531253,7.07634115219139
80.6137008666993,7.07616806030285
80.6128387451174,7.07620000839233
80.6119766235353,7.07640314102184
80.6111450195312,7.07663822174078
80.6104049682618,7.07691621780396
80.6096420288087,7.07720994949341
80.608840942383,7.07728290557884
80.6080551147463,7.0771098136903
80.6072082519532,7.07682180404657
80.6063613891603,7.07648992538464
80.6054992675782,7.07638883590721
80.604606628418,7.07656478881847
80.6037902832034,7.07671308517467
80.6030044555665,7.07664012908941
80.602180480957,7.07645320892345
80.6014099121095,7.07619285583502
80.6006240844728,7.07594680786138
80.5997619628907,7.07577419281006
80.5989303588869,7.0757031440736
80.5980224609376,7.07553005218506
80.5972213745117,7.07541608810436
80.5963897705078,7.07541799545294
80.5956115722659,7.07572412490845
80.5951156616213,7.07637977600098
80.5949172973635,7.07718181610107
80.5943298339845,7.07775020599377
80.5934677124024,7.07770681381231
80.5926818847657,7.07751989364624
80.591865539551,7.07739019393944
80.5909576416016,7.0772762298584
80.5901412963869,7.077232837677
80.5892639160157,7.07717800140392
80.5884475708008,7.07722282409668
80.5876312255859,7.07725477218651
80.5867233276369,7.07719802856445
80.5858917236331,7.07717084884644
80.5851058959964,7.07704114913946
80.5842437744142,7.07676506042486
80.5834579467775,7.07659196853632
80.5825805664063,7.07636213302624
80.5817947387696,7.07612991333013
80.5809326171878,7.07588577270508
80.5800552368164,7.07550716400141
80.5792770385744,7.07520389556885
80.5785827636719,7.07481384277344
80.577896118164,7.07436323165899
80.5771179199222,7.0745267868042
80.5764160156252,7.07489013671881
80.5756454467775,7.0753431320191
80.5749282836915,7.07570791244507
80.574203491211,7.07626199722296
80.5737380981447,7.07694482803367
80.5734329223633,7.07774782180809
80.5733718872072,7.07857513427746
80.5732574462892,7.07940721511852
80.5730361938477,7.08016395568842
80.5727920532228,7.0809497833252
80.5723114013673,7.08162021636974
80.5715637207034,7.08198499679565
80.5707778930665,7.08210277557367
80.5699462890625,7.0819139480592
80.5691146850585,7.08162498474121
80.5682830810547,7.08129215240473
80.5674896240235,7.08077001571655
80.566749572754,7.0803050994873
80.5660476684573,7.07985591888439
80.5654602050784,7.07929086685181
80.5648498535157,7.07878208160412
80.564147949219,7.07828998565685
80.5634613037109,7.0778250694276
80.5626678466799,7.07743310928345
80.5618972778322,7.07707118988037
80.5610809326175,7.07675218582165
80.5602645874024,7.07679986953747
80.5595169067383,7.07706212997448
80.5589752197268,7.07773208618158
80.5588226318359,7.07853221893311
80.5586318969726,7.07930421829229
80.5582199096683,7.08000183105474
80.5574340820314,7.08019304275524
80.5566177368165,7.08031177520758
80.5557556152347,7.08061885833752
80.5551147460938,7.08111381530767
80.554267883301,7.08164978027338
80.5539855957032,7.08112478256231
80.5533599853516,7.08031892776484
80.5530548095706,7.07950305938721
80.5526123046876,7.07882118225092
80.551872253418,7.07854509353638
80.5510101318359,7.07854795455944
80.5503082275391,7.07812595367437
80.5500335693362,7.07751083374035
80.5492706298831,7.07692003250128
80.5484695434571,7.07731485366816
80.5476531982422,7.077317237854
80.5471649169925,7.07665777206427
80.5466537475588,7.0757031440736
80.5458526611328,7.07557582855225
80.545021057129,7.07567787170416
80.5442199707032,7.07583999633789
80.5430984497071,7.07575082778942
80.5426712036133,7.07537698745739
80.5420989990234,7.07473707199097
80.541648864746,7.07405281066889
80.5412216186525,7.07338476181053
80.5408859252929,7.07264518737793
80.5408172607422,7.07190608978271
80.5411987304688,7.07123613357555
80.5408554077151,7.070475101471
80.540626525879,7.06968593597418
80.5405654907228,7.068898200989
80.5409088134766,7.06811189651484
80.5410461425784,7.0673251152038
80.5408477783206,7.06652116775513
80.5404510498048,7.065745830536
80.5399169921878,7.06507301330578
80.5393524169925,7.06441211700434
80.5392227172853,7.06361007690424
80.5391693115234,7.06274890899658
80.539291381836,7.06194591522217
80.5400390625001,7.06162977218634
80.5408248901368,7.06177997589111
80.5413970947266,7.06233596801758
80.5419616699219,7.06298112869268
80.5427169799805,7.06324815750116
80.543426513672,7.06288480758678
80.5439529418945,7.06220388412481
80.5447006225585,7.06187105178833
80.5455017089845,7.06200599670422
80.5462417602539,7.06273984909052
80.5468521118166,7.06335496902489
80.547462463379,7.06398582458502
80.5481491088867,7.06448316574102
80.5489044189453,7.06502819061302
80.5495758056641,7.06551313400263
80.5504531860353,7.06561994552635
80.5512466430666,7.06541776657099
80.5520782470704,7.06495714187616
80.5526199340821,7.06437587738043
80.5531539916994,7.0635600090028
80.5536727905273,7.0628027915954
80.5542984008791,7.06218099594116
80.5549926757815,7.0617728233338
80.5552978515626,7.06101894378656
80.5552291870119,7.06022977828991
80.5552978515626,7.05942583084101
80.5557632446288,7.05878782272339
80.5561676025391,7.05808782577515
80.5565490722656,7.05736112594616
80.5570526123048,7.05666303634649
80.5575485229492,7.05598020553612
80.5582275390628,7.05550289154053
80.5588302612305,7.05484914779674
80.5592727661133,7.05412197113048
80.5594635009766,7.05323076248175
80.5595703125003,7.05239915847778
80.5600280761719,7.05167388916027
80.5605316162109,7.05094718933105
80.5607833862306,7.0500431060791
80.5604095458984,7.04934120178228
80.559753417969,7.04888677597046
80.5603408813476,7.04834890365612
80.5611877441407,7.04830789566051
80.5620346069339,7.04790496826172
80.5621719360352,7.04708576202393
80.5618286132815,7.04635715484631
80.5613632202148,7.04571199417137
80.5609741210939,7.04496717453003
80.5607452392578,7.04416179656982
80.5606765747071,7.04333019256603
80.5608673095704,7.04255819320684
80.5611038208007,7.04175806045532
80.5614776611331,7.04105806350708
80.5617752075196,7.04028797149681
80.5622863769533,7.03964710235596
80.5629196166993,7.03893613815308
80.5636138916017,7.03825283050543
80.5642547607422,7.03768682479858
80.5649490356447,7.03719520568859
80.5655364990236,7.03662776947021
80.5659179687502,7.03588485717779
80.5665664672852,7.03531885147095
80.567352294922,7.0351781845095
80.5680618286133,7.03477478027344
80.568572998047,7.03410482406616
80.5690765380862,7.03344821929932
80.5696334838868,7.0328102111817
80.5702667236328,7.03230381011963
80.5709533691407,7.03170680999756
80.5716552734377,7.03118705749523
80.5724792480469,7.03092718124401
80.5730972290042,7.03033304214483
80.5730133056641,7.02954578399658
80.5729446411133,7.02875518798839
80.5730209350587,7.02793884277349
80.5734786987308,7.02726888656616
80.5739364624025,7.02654218673712
80.5744171142581,7.02587509155273
80.5749816894532,7.02530717849731
80.5756225585938,7.02482795715343
80.5762100219728,7.02427721023565
80.5769577026367,7.0238437652589
80.5777511596681,7.02354097366333
80.5786285400393,7.02318096160889
80.5794067382815,7.02286386489891
80.5801086425782,7.02250099182135
80.5809478759765,7.02208185195934
80.5817108154296,7.02170610427856
80.5824966430666,7.02133178710949
80.5832748413088,7.02091121673595
80.5840072631836,7.02049112319946
80.5847015380861,7.01996898651123
80.5852737426759,7.0194177627564
80.5857391357424,7.01877689361572
80.5860519409183,7.01805019378673
80.5862884521484,7.01727819442749
80.586410522461,7.01649093627941
80.5865325927736,7.0155868530274
80.5866851806641,7.01480007171637
80.5869216918945,7.01392507553101
80.5873184204102,7.01321220397955
80.5879211425782,7.0125598907473
80.5885162353517,7.01188993453979
80.5890274047852,7.01120615005499
80.5893402099609,7.01043605804455
80.5896224975587,7.00966310501121
80.5898742675784,7.00884723663341
80.590187072754,7.00810384750378
80.5907440185547,7.00749588012707
80.5912704467775,7.00686883926392
80.5919189453126,7.00633287429815
80.5925979614258,7.00576782226562
80.5932540893555,7.00512790679943
80.5937271118163,7.00438690185541
80.594123840332,7.00361394882214
80.5945358276369,7.0029029846192
80.5950851440431,7.00230598449718
80.5957031250001,7.00171089172369
80.5963897705078,7.00116014480597
80.5970535278321,7.00063800811773
80.5976943969729,7.00014495849621
80.598373413086,6.99966716766369
80.5990600585937,6.99913120269775
80.5996475219727,6.99859285354637
80.6002197265625,6.99799585342413
80.6008071899416,6.99728488922125
80.6014251708985,6.99661684036255
80.6019821166994,6.99599313735968
80.6025009155273,6.99527883529686
80.602767944336,6.99450922012329
80.6027755737305,6.99364805221569
80.6026611328128,6.99286079406738
80.6023559570314,6.99209785461426
80.6020126342774,6.99135303497309
80.6014404296876,6.99069404602062
80.6007308959962,6.99028396606468
80.5999679565431,6.99003076553356
80.5992279052737,6.98976421356213
80.5984802246097,6.98949718475365
80.5976486206055,6.98920106887817
80.5968933105469,6.98886394500732
80.5961227416993,6.98842191696167
80.5954971313478,6.98793792724621
80.594955444336,6.98732280731201
80.5944976806641,6.98656177520763
80.5940780639651,6.98578500747681
80.5937423706055,6.98501014709473
80.5934524536133,6.98423480987555
80.5931854248049,6.9834618568421
80.59294128418,6.98268699646002
80.5926971435547,6.98183917999268
80.5925216674806,6.98103713989252
80.5923233032227,6.9802618026734
80.592254638672,6.97938680648804
80.5922851562501,6.97856903076178
80.5922927856446,6.97772312164301
80.5923385620118,6.97690677642834
80.5924148559572,6.97607517242437
80.5925216674806,6.97518396377558
80.5926055908205,6.97435522079468
80.5925064086915,6.97339105606085
80.5927810668945,6.97294616699219
80.5924148559572,6.97194576263422
80.5922088623047,6.97112703323387
80.591911315918,6.97033882141113
80.5916213989257,6.96947717666626
80.5912857055666,6.96864318847679
80.5909423828126,6.96792793273949
80.5905990600587,6.96716594696051
80.5902481079104,6.96633386611944
80.5899047851562,6.96560287475586
80.5895233154296,6.96487092971813
80.5889129638675,6.96425580978394
80.5882034301758,6.96379995346075
80.5874023437503,6.96376609802246
80.5866546630862,6.96342611312889
80.5860137939454,6.96291303634644
80.5851516723633,6.96280622482323
80.584457397461,6.96240997314464
80.5838851928712,6.96185398101818
80.5830612182617,6.9614109992981
80.5822677612308,6.96088314056391
80.581481933594,6.96048402786266
80.5806350708008,6.9603471755982
80.5798492431642,6.96034479141235
80.5790481567383,6.96031284332287
80.5783157348635,6.9599871635437
80.5777053833007,6.95940113067633
80.5774459838868,6.95865583419811
80.5772628784181,6.95786714553827
80.5770721435548,6.9570631980896
80.5769500732422,6.95623111724854
80.5768356323243,6.95523977279669
80.5768280029297,6.95436382293701
80.5768280029297,6.95357608795172
80.5769348144531,6.95277404785156
80.5770721435548,6.95192813873302
80.5771942138672,6.95107984542841
80.5772323608399,6.95026683807384
80.577346801758,6.94937515258783
80.5775604248049,6.94844293594372
80.5779418945314,6.94749689102184
80.5783157348635,6.94678401947021
80.5787124633791,6.94596815109253
80.5785751342774,6.9451928138734
80.5779647827149,6.94437503814697
80.5774688720706,6.94413805007957
80.5766372680665,6.94401884079002
80.575813293457,6.94411516189581
80.5750656127931,6.94439077377331
80.5743179321291,6.94485378265375
80.5735321044924,6.94516992568975
80.57275390625,6.94496297836315
80.5720443725586,6.94459390640259
80.5712280273438,6.94445896148687
80.5704345703128,6.94452810287481
80.5696487426761,6.94469881057734
80.5688400268555,6.94497203826904
80.5680770874024,6.94521808624268
80.5671997070315,6.94528388977062
80.5671463012696,6.9444980621339
80.5670623779299,6.94370889663719
80.5666046142581,6.94302082061773
80.5661392211915,6.94234895706182
80.5655822753907,6.94174718856812
80.5651779174805,6.94104480743408
80.5649642944338,6.94024085998541
80.5647048950198,6.93945217132574
80.5640335083008,6.93898296356207
80.5631332397462,6.93887519836426
80.5622100830081,6.93877077102673
80.561393737793,6.93880891799927
80.5604095458984,6.93898010253901
80.559638977051,6.93916511535656
80.5587005615235,6.93924903869629
80.5578994750978,6.93928813934326
80.5571060180663,6.9394001960755
80.5562744140626,6.93949985504156
80.5554580688477,6.93959808349609
80.5546035766604,6.93973922729515
80.5538330078128,6.93998289108276
80.5531387329103,6.94049119949347
80.5525817871095,6.94115877151495
80.552085876465,6.94187021255505
80.5516281127931,6.94252681732189
80.5511856079101,6.94322395324701
80.5506210327148,6.94386386871361
80.5501403808594,6.94451618194586
80.5497970581056,6.94523191452038
80.5494766235351,6.94600200653082
80.5492477416995,6.94680500030523
80.5488510131837,6.94753217697149
80.5483093261722,6.94815778732311
80.547966003418,6.94892883300781
80.5477447509768,6.9497289657595
80.5474472045899,6.95053100585943
80.5470657348633,6.95125818252569
80.5466461181642,6.95198678970348
80.5461807250978,6.95269823074347
80.5456619262695,6.95333909988415
80.5450286865236,6.95383119583141
80.5444030761719,6.95435285568237
80.5437393188479,6.95480203628546
80.5431060791016,6.95529413223278
80.5425491333009,6.9558620452882
80.5420684814455,6.95651578903193
80.5417404174805,6.95734596252441
80.5415878295899,6.95813179016113
80.5414810180664,6.95897722244263
80.541374206543,6.95978021621704
80.5410461425784,6.96058177948009
80.5405883789063,6.96130895614635
80.5400772094728,6.96197700500488
80.5395202636722,6.96255779266357
80.5388412475588,6.96318197250366
80.5381546020508,6.96366119384771
80.5375061035158,6.96415281295776
80.5369033813477,6.96470499038702
80.536231994629,6.96512413024902
80.5354690551758,6.96564579010021
80.534896850586,6.9661979675293
80.5342330932617,6.96674919128429
80.533561706543,6.96722793579107
80.5328826904296,6.96776294708252
80.5322647094729,6.96825790405268
80.531578063965,6.96875
80.5309143066407,6.96921300888062
80.530242919922,6.96963214874268
80.529495239258,6.96999502182001
80.5288085937501,6.97039985656761
80.5282058715821,6.9709792137146
80.5276641845704,6.97156000137323
80.5270462036133,6.97223091125488
80.5264282226564,6.97275018692017
80.5256652832033,6.97324514389032
80.5249328613281,6.97367811203026
80.5242385864259,6.97417020797735
80.5235061645511,6.97460508346569
80.522758483887,6.97503805160528
80.522087097168,6.97546005249035
80.5214691162111,6.97594976425177
80.5208511352542,6.9764609336853
80.520233154297,6.97702598571789
80.519630432129,6.97762107849132
80.5190582275391,6.97826099395752
80.5184402465822,6.9788260459901
80.5178527832033,6.97940778732323
80.5173568725587,6.98007488250732
80.516914367676,6.98080205917358
80.5164260864259,6.98148584365845
80.5158843994143,6.98221302032471
80.5155105590823,6.98291110992432
80.5152130126954,6.98375606536877
80.5149917602541,6.98465919494629
80.5149154663089,6.98544692993164
80.5148391723633,6.98623418807989
80.5146102905275,6.98705196380615
80.5143737792968,6.98783779144287
80.5141067504883,6.98865413665777
80.5136947631837,6.98933792114281
80.5132369995117,6.99000597000116
80.5130386352538,6.99085092544561
80.5130844116213,6.99165296554577
80.5132064819339,6.99254417419434
80.5132598876955,6.99342012405401
80.5134582519533,6.99425220489502
80.5134735107424,6.99515581130976
80.5133209228516,6.99592876434326
80.5130386352538,6.9966721534729
80.512550354004,6.99735593795776
80.511962890625,6.99796390533447
80.5114974975589,6.99863386154175
80.5110626220704,6.99934816360479
80.5107116699222,7.00009107589716
80.510383605957,7.00086116790777
80.5097808837893,7.00139904022228
80.5091247558594,7.00196409225464
80.5084609985351,7.00251579284674
80.5079879760743,7.00328779220592
80.5074996948245,7.00413179397606
80.5069885253908,7.00487184524542
80.5065002441407,7.00565576553356
80.5059585571292,7.00644302368164
80.5055084228516,7.00722885131836
80.5052032470706,7.00798606872559
80.5049209594727,7.00880193710339
80.5046920776369,7.00963115692139
80.5044403076175,7.0104770660401
80.5042343139651,7.01127910614025
80.5041122436525,7.01212501525879
80.5038757324222,7.01291084289556
80.503402709961,7.01360797882086
80.5033645629885,7.01439714431774
80.5028381347657,7.01510810852062
80.5020904541016,7.01542520523094
80.5014266967773,7.01596307754528
80.5006942749025,7.01652812957764
80.500358581543,7.01732778549194
80.4995956420899,7.01777696609503
80.4989624023439,7.01827096939093
80.4982986450196,7.01880693435663
80.49764251709,7.01928281784058
80.4970550537111,7.0198211669923
80.4968566894533,7.02060699462885
80.4969863891604,7.02141189575207
80.4975204467774,7.02199792861944
80.4982223510744,7.02264308929455
80.4988021850586,7.02324390411377
80.4989013671878,7.02407598495478
80.498649597168,7.02489185333263
80.4980621337891,7.02551698684698
80.4974594116213,7.02606821060181
80.4965362548829,7.02637100219738
80.4957427978517,7.02638101577753
80.4949264526367,7.02621603012096
80.4941253662112,7.02625513076794
80.4931259155274,7.02645587921137
80.4922943115236,7.02632093429588
80.4915161132814,7.02657890319847
80.4906616210938,7.02638483047491
80.4898986816407,7.02605915069574
80.4890670776369,7.02604103088379
80.4884033203128,7.0264759063723
80.4880218505862,7.02717399597174
80.4877700805665,7.02795982360851
80.4871520996095,7.02875995635986
80.4864196777344,7.02917909622204
80.4856262207033,7.02934980392462
80.4848785400391,7.02970981597906
80.4841308593751,7.0299701690675
80.4835357666017,7.02944087982183
80.4827346801758,7.02937984466553
80.4820861816407,7.02987384796137
80.4815902709961,7.03060102462763
80.4812774658204,7.03134202957165
80.4809951782226,7.03208494186401
80.4803161621094,7.0325779914856
80.4794845581055,7.03263187408459
80.4786376953126,7.032786846161
80.4781951904299,7.03350114822382
80.4780273437501,7.03433179855369
80.4777450561526,7.03508901596069
80.4771575927737,7.03568410873413
80.4765014648438,7.03614902496338
80.4757537841797,7.03646612167353
80.4749450683595,7.03672313690186
80.4741592407228,7.03699684143072
80.4733963012697,7.03730010986351
80.4725723266604,7.03735494613647
80.4718322753909,7.036852836609
80.4712829589844,7.03620815277111
80.4706573486331,7.03556489944458
80.4700622558594,7.03502082824707
80.4694213867189,7.03443479537987
80.4689102172852,7.03373289108288
80.4684371948244,7.03294181823742
80.4680023193362,7.03226804733276
80.4673919677735,7.03152179718023
80.4668655395511,7.03080415725714
80.4663162231445,7.03021621704113
80.4656906127931,7.0296740531922
80.4650192260744,7.02920389175426
80.4643096923829,7.02882099151617
80.4634475708007,7.02839994430553
80.4631500244141,7.02920913696295
80.4624633789065,7.02959918975853
80.4617462158203,7.03002023696894
80.4611740112305,7.03057193756104
80.4609146118165,7.03132915496838
80.4608840942383,7.03232002258301
80.4609222412111,7.03315210342402
80.4608993530274,7.03399705886847
80.460678100586,7.03477001190197
80.4603958129882,7.03552722930914
80.460304260254,7.03640222549433
80.4603424072267,7.03733587265037
80.4605560302737,7.03819799423212
80.4605789184573,7.03904581069946
80.4605178833008,7.03983211517345
80.4605712890628,7.04066419601452
80.4605789184573,7.04149580001831
80.4604568481447,7.04235696792614
80.4603652954104,7.04314422607422
80.4604187011719,7.04393196105951
80.4605636596683,7.04475021362305
80.4606933593751,7.04556894302391
80.4607849121093,7.04639816284191
80.4609451293948,7.04725980758678
80.4611434936526,7.04807996749884
80.4613723754883,7.04886579513561
80.461555480957,7.04971694946289
80.4619750976564,7.0504322052002
80.462387084961,7.05114984512329
80.4624786376956,7.05150794982922
80.4626007080079,7.05193901062034
80.4625778198243,7.05276823043829
80.4626464843753,7.05355882644653
80.4627914428712,7.05437517166143
80.463005065918,7.05522298812878
80.4632492065433,7.05598211288452
80.4634780883791,7.05674314498924
80.4637680053712,7.05754518508917
80.4642410278322,7.05824995040905
80.464813232422,7.05883502960216
80.4654769897462,7.05930709838873
80.4661178588867,7.05977678298962
80.4669189453127,7.06005716323875
80.4676513671874,7.06047010421776
80.4683074951172,7.06092500686646
80.4690017700195,7.06133794784546
80.4697036743167,7.06174993515037
80.4703140258788,7.06226301193232
80.4708786010745,7.06281900405878
80.4712600708011,7.06361007690424
80.4712829589844,7.06439876556408
80.4711303710939,7.06521511077875
80.4705123901367,7.06570720672607
80.4699707031252,7.06628799438471
80.469207763672,7.0665478706361
80.4684524536135,7.06632518768311
80.4678115844729,7.06582593917852
80.467155456543,7.065267086029
80.4666061401368,7.06463813781744
80.4658584594727,7.06431198120123
80.465141296387,7.06468820571911
80.464698791504,7.06542921066307
80.4645080566407,7.0662021636964
80.464225769043,7.0669898986817
80.4638366699218,7.06776094436646
80.463790893555,7.06856298446655
80.463737487793,7.06946516036999
80.4637298583985,7.07052516937267
80.4621658325197,7.0716371536256
80.4618606567383,7.07245588302618
80.4615249633792,7.07316684722906
80.4611511230472,7.07396697998058
80.4607391357425,7.07478284835821
80.4605484008792,7.07556915283203
80.4603500366212,7.0763978958131
80.4600372314453,7.07712507247936
80.4597167968751,7.07794094085705
80.4597473144532,7.07879781723028
80.4595336914063,7.07960081100464
80.4594421386718,7.08045816421514
80.4594573974609,7.08126020431541
80.4590072631837,7.0819730758667
80.4588012695313,7.08274412155163
80.4589233398439,7.08355712890619
80.458969116211,7.08438682556158
80.4590072631837,7.08520317077648
80.4588317871097,7.08598709106445
80.4584732055667,7.08674287796026
80.4581909179688,7.08754777908331
80.457962036133,7.08831787109369
80.4578857421878,7.0891318321228
80.4577713012697,7.0900349617005
80.4575424194335,7.09080505371088
80.4570999145509,7.09148883819574
80.4565505981448,7.09207391738903
80.4559478759766,7.0928721427918
80.4555740356446,7.09360122680664
80.4551925659181,7.09435987472534
80.455017089844,7.09517383575439
80.454917907715,7.09607696533209
80.454902648926,7.0970201492309
80.4548721313476,7.09786605834984
80.4547576904297,7.09872484207148
80.4545974731446,7.09958219528198
80.4544219970704,7.10041093826305
80.454216003418,7.10125684738165
80.453842163086,7.10202693939203
80.4534454345704,7.10274076461798
80.4530105590822,7.10349702835106
80.4526290893556,7.10421085357666
80.4521179199219,7.1048669815064
80.4515609741212,7.10543680191046
80.4509658813477,7.10599088668835
80.4503402709963,7.10650110244774
80.4497146606445,7.10697984695435
80.4490661621094,7.10747718811035
80.4482345581056,7.10784101486217
80.4475250244141,7.10820579528831
80.4471282958985,7.10899496078503
80.4467239379885,7.10974884033203
80.4461364746095,7.1103191375733
80.4456253051758,7.11098909378063
80.4452590942383,7.11129379272455
80.4453659057619,7.11298322677624
80.4457778930664,7.11372423172003
80.4463043212891,7.11433219909674
80.4470748901369,7.1148538589477
80.4478607177736,7.11527585983282
80.4485626220706,7.11566781997681
80.4494552612305,7.11566591262817
80.4501266479494,7.11608695983898
80.4507217407228,7.11662483215332
80.4514007568362,7.11720418930065
80.4520111083984,7.11775588989269
80.4522018432617,7.1186289787293
80.4524459838869,7.11945819854742
80.4528732299805,7.12001419067388
80.4534072875977,7.12061786651623
80.4540634155276,7.12100315093994
80.4544448852542,7.12115812301636
80.4551544189454,7.12150287628174
80.4554824829103,7.12179183959955
80.4557800292972,7.12205600738537
80.4562683105469,7.12210416793823
80.4574432373047,7.12238883972179
80.4578933715823,7.12246179580688
80.4587326049806,7.12224102020269
80.459197998047,7.12226581573486
80.4597930908206,7.12254381179821
80.4602584838869,7.12260103225714
80.4608078002931,7.12260293960577
80.4614028930666,7.1225261688233
80.4622268676758,7.12243890762329
80.46305847168,7.12250518798828
80.4638595581056,7.12262821197521
80.4646835327149,7.12282705307007
80.4654693603516,7.12271690368658
80.466407775879,7.12251901626581
80.467109680176,7.12245798110968
80.4678955078127,7.12239122390747
80.468818664551,7.12220907211298
80.4695129394534,7.12216997146618
80.4703063964847,7.1223158836367
80.4710922241211,7.12253284454357
80.4718551635742,7.12278604507452
80.4726943969727,7.12329196929932
80.473213195801,7.12375879287714
80.4739532470703,7.12416219711304
80.4746704101565,7.12455415725719
80.4754638671874,7.12478685379034
80.4761199951172,7.12523603439331
80.4766693115236,7.12588977813721
80.4770126342773,7.12668991088873
80.4775924682619,7.12731409072882
80.4784088134766,7.12747192382812
80.4789657592773,7.12678623199486
80.4795227050783,7.12581205368048
80.4799575805665,7.12512588500982
80.4807052612305,7.12473201751703
80.481315612793,7.12471389770508
80.4821319580081,7.12471199035667
80.4832000732422,7.12488889694225
80.484100341797,7.12503480911261
80.4846038818362,7.12527179718018
80.4853591918948,7.12558698654169
80.4857330322268,7.12577104568493
80.4861526489257,7.12596702575689
80.4867935180665,7.12658500671398
80.487846374512,7.12711620330805
80.4882431030273,7.12716579437267
80.4886932373047,7.12721586227411
80.4890823364258,7.12718677520752
80.4895782470703,7.12719821929943
80.4903182983401,7.12751722335815
80.491050720215,7.12793397903448
80.4913940429688,7.12814617156988
80.4921951293946,7.12839698791515
80.4931564331056,7.1284489631654
80.4939880371094,7.12838983535767
80.4948348999024,7.12824392318731
80.4958572387698,7.12822818756104
80.4964981079103,7.12808179855341
80.49715423584,7.12805700302124
80.4981460571292,7.12784481048584
80.4989166259768,7.12763309478754
80.4997482299806,7.12768077850336
80.5005493164063,7.12797307968151
80.5011978149417,7.12846088409435
80.5010147094729,7.12935209274292
80.500587463379,7.13009500503551
80.500312805176,7.13085222244268
80.500411987305,7.13181114196777
80.5009384155274,7.13250780105591
80.5013809204104,7.13320398330711
80.5019836425781,7.13386011123652
80.5025329589847,7.13444995880127
80.5034255981446,7.13467407226557
80.5039749145508,7.13408994674677
80.5046844482424,7.13358402252197
80.5054321289062,7.13338613510138
80.5063247680667,7.13360691070557
80.5065689086914,7.13432502746576
80.5067367553714,7.13529396057123
80.506805419922,7.13609123229992
80.5065460205081,7.13689088821417
80.5065536499023,7.13776588439936
80.5070800781251,7.13847780227673
80.507652282715,7.13899898529064
80.5083160400392,7.13974905014032
80.5086364746097,7.14023494720459
80.5093231201172,7.14101696014416
80.5096893310547,7.14174604415899
80.5098648071289,7.14254617691034
80.5100250244142,7.1433482170105
80.5097351074219,7.14404487609875
80.5097579956058,7.14501380920404
80.5098266601564,7.14583492279058
80.5096054077148,7.14667797088629
80.5096130371093,7.1475510597229
80.5098724365235,7.14829206466669
80.5102996826172,7.14897489547729
80.5110778808595,7.14946985244762
80.5117721557617,7.14978694915777
80.5125885009766,7.14997577667242
80.5134048461917,7.1501030921936
80.5143280029298,7.15027713775646
80.5151748657228,7.15029001235968
80.5159912109376,7.1499547958374
80.5168380737308,7.14961814880377
80.5177001953126,7.14955902099609
80.5185165405275,7.14952707290655
80.5193328857421,7.14981889724743
80.5200500488282,7.15029478073114
80.5206451416018,7.15097904205328
80.521423339844,7.151529788971
80.5221939086913,7.15179014205944
80.523017883301,7.15152597427368
80.5236129760743,7.1509580612182
80.5241241455078,7.15030193328863
80.5244750976565,7.14957523345942
80.5248336791995,7.14878797531134
80.5250549316406,7.14803218841553
80.5253448486329,7.1472158432008
80.5258102416995,7.1465477943421
80.5264587402344,7.14711284637463
80.5265045166016,7.14795589447033
80.5267333984378,7.14871311187767
80.5273208618167,7.14924907684326
80.5279617309572,7.1498317718507
80.5282287597657,7.15058708190929
80.5288848876953,7.15112400054932
80.529495239258,7.15163278579718
80.5303268432618,7.15179014205944
80.5311203002933,7.15170097351097
80.5316848754884,7.15110397338873
80.5322265625001,7.15052080154442
80.5329971313477,7.15013980865473
80.5338134765628,7.15005302429211
80.534622192383,7.15042877197271
80.5349884033203,7.15150499343883
80.5347366333009,7.15217494964611
80.5345458984376,7.15294599533087
80.5342025756839,7.15368795394892
80.5336914062502,7.1543431282044
80.5331344604492,7.15504217147833
80.5327682495118,7.15578508377075
80.532539367676,7.15657186508179
80.5322341918946,7.15729904174805
80.5320587158204,7.15806913375866
80.5313415527347,7.15845012664795
80.530570983887,7.15811681747448
80.529853820801,7.15869998931896
80.5292663574219,7.15931081771873
80.528938293457,7.1600542068482
80.5288314819339,7.16094303131109
80.5292739868164,7.16165399551397
80.5297851562503,7.16229486465448
80.5303802490237,7.16283178329473
80.5311584472656,7.16344118118298
80.5318756103517,7.16397714614868
80.532440185547,7.1646900177002
80.5328216552736,7.16543102264416
80.5334091186526,7.16604089736944
80.5342559814455,7.1662278175354
80.5350570678712,7.16621017456066
80.5358886718753,7.16600704193121
80.5367355346681,7.16580200195312
80.5376281738284,7.16585683822643
80.5384140014648,7.16608905792236
80.539291381836,7.16621923446655
80.5401382446289,7.16608715057373
80.5408935546874,7.16575002670288
80.5417861938478,7.16561698913597
80.5425872802737,7.16586399078375
80.5433502197268,7.16631317138683
80.5441513061523,7.16666078567511
80.5449447631838,7.16678905487055
80.5457305908204,7.16665697097778
80.5466079711913,7.16669988632214
80.5473937988281,7.16701698303223
80.547904968262,7.16770076751709
80.5480117797852,7.16856002807617
80.5481262207034,7.16935777664185
80.5478897094728,7.170159816742
80.5474090576174,7.17085981369019
80.5470504760744,7.1716299057008
80.5464782714845,7.17224121093744
80.5462799072267,7.17278099060059
80.5459136962891,7.17379999160767
80.5460357666015,7.17429590225214
80.5459899902345,7.17530822753906
80.5456771850586,7.1760449409486
80.5454483032229,7.17685079574591
80.5454177856446,7.17763805389416
80.5450515747073,7.17864513397217
80.5445175170898,7.17921495437616
80.5437240600589,7.17947721481318
80.542938232422,7.17977094650263
80.5421676635743,7.18019294738775
80.5414505004886,7.18054389953613
80.5407943725587,7.18099689483643
80.5401382446289,7.18149185180658
80.5394210815431,7.18190002441412
80.5387649536136,7.182366847992
80.5381546020508,7.18303680419928
80.5373611450196,7.18347501754755
80.5365447998049,7.18373918533337
80.5360794067386,7.18449592590326
80.5357131958011,7.18520879745495
80.5349426269534,7.1854138374328
80.5342254638672,7.18578100204479
80.5335998535159,7.18632078170788
80.5330429077151,7.18694591522228
80.5324783325198,7.18752908706676
80.5320510864258,7.18825578689581
80.531837463379,7.18905782699591
80.5317764282228,7.18994522094727
80.5314102172853,7.19067382812506
80.5307388305667,7.19122791290295
80.5302047729492,7.19188213348394
80.52986907959,7.19259595870972
80.5297241210938,7.19338178634649
80.5291976928712,7.19403791427624
80.5284500122073,7.19431591033936
80.5277786254885,7.1947808265686
80.5272598266602,7.19548082351685
80.5268936157227,7.19619417190574
80.5267333984378,7.19703817367554
80.5262680053711,7.19771003723145
80.5254898071291,7.19813203811651
80.5247344970705,7.19836616516125
80.5239715576174,7.19867420196528
80.5233306884768,7.19922780990612
80.5226745605469,7.19970893859875
80.5220031738281,7.20013284683239
80.5213775634767,7.20072984695446
80.5208511352542,7.20141410827637
80.5204010009766,7.20207023620611
80.5198287963868,7.20266723632835
80.5190582275391,7.20297479629517
80.5182266235353,7.20307683944708
80.5173492431641,7.20317983627342
80.5165634155274,7.20338678359991
80.5159149169922,7.20385217666637
80.5153961181641,7.20444917678844
80.5149536132812,7.20513486862205
80.5145797729492,7.20589208602905
80.514228820801,7.20663499832165
80.5137634277347,7.20731878280651
80.5132522583008,7.20808887481689
80.5129470825196,7.20889377593988
80.5127258300781,7.20969104766857
80.5124893188477,7.210521221161
80.5124053955079,7.21133708953863
80.5124053955079,7.21215105056768
80.5125808715821,7.21296691894554
80.5130920410158,7.21363401412964
80.5136795043945,7.21420001983643
80.5143661499026,7.21467781066895
80.5151519775391,7.21508407592773
80.5159454345705,7.21541881561274
80.5167007446291,7.21572208404552
80.5174636840822,7.21595382690435
80.5182647705079,7.21628713607788
80.518997192383,7.21663379669189
80.5198287963868,7.21712779998774
80.5205459594727,7.21757698059088
80.5211868286134,7.21804189682013
80.5217590332032,7.21873712539667
80.5221328735352,7.21955299377453
80.5223541259768,7.22030782699585
80.5224609375001,7.22116708755493
80.5224914550782,7.221995830536
80.5224914550782,7.22280979156488
80.5224914550782,7.22369718551647
80.522415161133,7.22449922561657
80.5223617553714,7.22538614273071
80.5223007202149,7.22625780105597
80.5221252441407,7.22713088989258
80.5219802856448,7.22794723510765
80.5218200683593,7.22879123687744
80.5216751098635,7.22965002059948
80.5216751098635,7.23050880432129
80.5217361450196,7.23132276535034
80.5219116210938,7.23215198516851
80.5221023559571,7.23293590545666
80.5224380493166,7.23371982574463
80.5224685668946,7.23453617095953
80.5219573974611,7.23514890670788
80.5213623046876,7.2357168197633
80.5208358764651,7.23645782470709
80.5204696655276,7.23720312118536
80.5203247070314,7.23807287216181
80.5198287963868,7.23872995376587
80.5192642211915,7.23931312561041
80.5190734863282,7.24011278152466
80.5187683105468,7.24088621139521
80.5182113647461,7.24149703979498
80.5175247192383,7.24197816848778
80.5167922973633,7.24232912063604
80.51611328125,7.24278211593634
80.5153350830078,7.24306011199963
80.5145339965823,7.24320602417015
80.5136871337891,7.24338197708141
80.512924194336,7.24380779266369
80.5121994018555,7.24431610107433
80.5114059448243,7.24453496932995
80.5104522705079,7.24520683288586
80.5101547241214,7.24555778503424
80.5097885131839,7.2462849617005
80.5093841552737,7.24699878692627
80.5089874267579,7.2477388381958
80.5087280273438,7.24857091903681
80.5085372924805,7.24934196472174
80.5085678100587,7.25014209747326
80.5086364746097,7.25092792510998
80.5086517333984,7.25172615051275
80.5089950561526,7.25277376174927
80.5086517333984,7.25350809097301
80.5082321166995,7.25424385070806
80.5077514648439,7.25493001937878
80.5071105957034,7.2554249763491
80.5064239501955,7.2558331489563
80.5056762695313,7.25627183914179
80.505081176758,7.25679683685308
80.5045547485352,7.2573938369751
80.5039901733399,7.25799083709717
80.5031967163087,7.25825500488276
80.5023498535159,7.25851678848289
80.5015792846683,7.25870895385754
80.500701904297,7.25863790512085
80.5000000000001,7.2581138610841
80.4992141723633,7.2579407691955
80.4983978271486,7.25791311264044
80.4976043701172,7.25794315338135
80.4967117309571,7.25812101364136
80.4958419799808,7.25821018219
80.4949951171876,7.25823879241938
80.4941482543948,7.25841712951683
80.4933013916016,7.25870895385754
80.4925231933594,7.25924921035767
80.4919967651368,7.25986003875727
80.4915618896485,7.26063013076788
80.4910964965823,7.26130199432396
80.4904098510742,7.26175403594976
80.48983001709,7.26232385635382
80.489112854004,7.26265907287609
80.4882659912109,7.26276111602778
80.48747253418,7.26248502731323
80.4867019653323,7.26222515106207
80.485794067383,7.26221179962158
80.4851837158206,7.26278209686279
80.4844665527345,7.26313018798851
80.4835891723633,7.26332378387451
80.4827423095705,7.26344013214134
80.4818954467775,7.26322412490845
80.4810485839845,7.26300716400141
80.4802017211917,7.26312303543102
80.4795455932618,7.26356077194225
80.4793853759766,7.26434707641607
80.4798126220706,7.26513099670422
80.4801788330079,7.26584482192999
80.4798126220706,7.26654386520391
80.4790802001956,7.26699590682989
80.4784393310547,7.26746320724499
80.4776916503907,7.26787090301508
80.4769363403321,7.26832389831537
80.4763107299805,7.26889181137079
80.4759750366212,7.2696619033814
80.4766159057617,7.27012681961065
80.4774017333986,7.27018690109253
80.4782257080079,7.270314216614
80.479057312012,7.27057600021362
80.4798736572266,7.27102518081671
80.4804000854495,7.27178001403809
80.4807510375978,7.2725501060487
80.480827331543,7.27336406707775
80.4806518554689,7.27413606643677
80.480667114258,7.27496576309215
80.4808425903322,7.27576589584351
80.481071472168,7.27657890319824
80.4813385009768,7.27733612060541
80.4817657470703,7.27809095382713
80.4821395874023,7.27878808975231
80.4827270507812,7.27942800521851
80.4831542968752,7.28011178970337
80.4831771850587,7.28095483779907
80.4829788208008,7.28173923492426
80.4825820922853,7.28255796432501
80.4822158813477,7.28329801559448
80.4817810058594,7.28404092788708
80.4813995361328,7.28478384017944
80.4808502197267,7.28548192977928
80.4801330566407,7.28583478927612
80.4794464111331,7.28625679016136
80.4790267944337,7.28699684143072
80.4787063598632,7.28775596618664
80.4782180786133,7.2884831428529
80.4776840209962,7.28911018371588
80.4770812988282,7.28973722457886
80.4764099121097,7.29018783569347
80.4755783081055,7.29046583175665
80.4748611450198,7.29084682464594
80.4741668701174,7.29134082794201
80.4736709594727,7.29208421707165
80.4731445312503,7.29271078109753
80.4725418090821,7.29332399368298
80.4720764160158,7.2941398620606
80.4714355468753,7.29470777511602
80.4707489013674,7.29518890380865
80.4701080322268,7.29608678817749
80.4698181152344,7.29648494720482
80.4693908691408,7.29716920852673
80.4687347412111,7.29769277572626
80.4680023193362,7.29801511764532
80.4672622680663,7.29842519760143
80.4667053222656,7.29907894134521
80.4662399291993,7.29973602294928
80.4660949707034,7.30011415481567
80.465774536133,7.30049180984508
80.4651184082032,7.30100297927879
80.4644012451171,7.30161619186401
80.4639053344727,7.30223989486706
80.4632949829103,7.30281019210815
80.4625930786133,7.30317497253429
80.461799621582,7.30351018905634
80.4610443115235,7.30383300781261
80.4604873657227,7.30445814132702
80.459846496582,7.30505514144903
80.4591751098633,7.30552196502691
80.4583587646486,7.30587291717529
80.4575653076174,7.30620813369774
80.4570617675782,7.30690813064581
80.4570465087891,7.30772399902344
80.4572067260744,7.30850791931158
80.4570770263672,7.30932378768944
80.4567718505859,7.31009387969971
80.4563140869141,7.31075096130377
80.455978393555,7.31153678894066
80.4555282592774,7.31235122680664
80.4550018310548,7.3129768371582
80.4543457031252,7.31348800659174
80.4536437988282,7.31385183334362
80.4528884887696,7.31427621841431
80.4521408081056,7.31459808349609
80.4512939453127,7.31491899490362
80.4504623413089,7.3152108192445
80.4496154785157,7.3153448104859
80.448799133301,7.31537485122681
80.4480056762695,7.31544780731207
80.4471588134766,7.31568288803101
80.4464645385745,7.3160471916201
80.4459381103517,7.31668806076061
80.4455413818359,7.31738710403454
80.4448547363282,7.31791210174561
80.4441146850587,7.31824684143066
80.4433670043946,7.31852483749401
80.4425811767579,7.31883192062378
80.4417572021486,7.31883478164684
80.4408569335938,7.31871795654291
80.4399795532229,7.31885099411022
80.439323425293,7.31933212280279
80.4387359619141,7.31998777389532
80.438316345215,7.3206582069397
80.4377441406252,7.32129812240612
80.4371948242188,7.32186794281012
80.4366531372071,7.32247877120972
80.4359817504882,7.32303285598778
80.4352798461916,7.32345390319819
80.4344940185549,7.32384920120251
80.4337310791017,7.32421588897705
80.4332504272462,7.32489919662481
80.4328155517579,7.32559919357305
80.4321517944339,7.32607984542847
80.4312973022462,7.32635784149176
80.430015563965,7.32951879501348
80.4295043945312,7.32979297637945
80.4279937744141,7.33106708526611
80.4264984130861,7.33234119415295
80.4269027709962,7.33429193496715
80.4260330200198,7.33607578277599
80.4256591796878,7.33800888061529
80.424659729004,7.33976411819458
80.4243087768558,7.34171009063732
80.4241027832032,7.34371614456171
80.4241790771484,7.34572219848627
80.4233551025393,7.34755182266235
80.422348022461,7.34932279586798
80.4220046997071,7.35125494003296
80.4218978881838,7.35320377349859
80.4221496582032,7.35517978668207
80.4225463867188,7.35712909698498
80.4220809936523,7.35727882385265
80.4231109619141,7.35922288894665
80.4246520996094,7.36042213439941
80.4266052246097,7.36051797866833
80.4285507202148,7.36023283004766
80.4305648803712,7.35996580123901
80.4322891235352,7.35889482498163
80.433578491211,7.35743188858032
80.4347534179688,7.35585021972662
80.4366989135743,7.35546684265148
80.4382934570312,7.35429286956793
80.4395751953128,7.35586786270153
80.4413452148438,7.35676193237316
80.4432296752929,7.35737895965576
80.4449005126954,7.35844612121576
80.4468841552736,7.35873079299932
80.4484100341799,7.35745716094976
80.4495391845703,7.35578918457031
80.4513931274417,7.3551688194276
80.4526443481445,7.35366201400763
80.4541397094728,7.3523149490357
80.4560241699219,7.35168218612677
80.457992553711,7.35152912139893
80.4597549438477,7.35240888595581
80.4599990844729,7.35437107086193
80.4590835571289,7.35612821578979
80.4581985473633,7.35789918899536
80.4563598632815,7.35717916488659
80.4546661376956,7.35819101333624
80.4528808593751,7.35898399353027
80.4519271850587,7.36069583892834
80.4516220092773,7.36264419555675
80.4526367187502,7.36439180374146
80.4542541503909,7.36551618576061
80.4555435180665,7.36700391769415
80.4564285278322,7.36876583099371
80.4569320678714,7.37068986892712
80.4577407836914,7.37247896194469
80.4580612182618,7.37330389022821
80.4584655761722,7.37434291839611
80.4585723876954,7.37629222869879
80.4606552124023,7.37658977508539
80.4625320434572,7.3772058486939
80.4644622802736,7.3777818679809
80.4661026000979,7.37894916534424
80.4667663574219,7.38085699081444
80.4673690795899,7.38271903991711
80.4676361083987,7.38482713699335
80.4682998657227,7.38667821884155
80.4692611694337,7.38839578628534
80.4704589843751,7.38998508453375
80.4703521728517,7.3919467926026
80.4707794189454,7.39389801025391
80.4724655151369,7.39498090744019
80.4722290039062,7.39691114425665
80.4723205566407,7.39893293380737
80.4711151123049,7.40050077438366
80.469825744629,7.40199089050304
80.4678649902345,7.40247917175293
80.4658966064456,7.40222597122204
80.4655532836913,7.40417194366455
80.4635391235352,7.40430879592901
80.462303161621,7.4058628082276
80.463363647461,7.40755176544189
80.4617385864257,7.40866518020636
80.4613113403323,7.41058397293085
80.4624938964843,7.41218614578253
80.464469909668,7.41204881668102
80.4661560058595,7.41308593750011
80.4680404663086,7.41370391845697
80.4699478149414,7.41433477401733
80.4718475341796,7.4137330055238
80.4724960327149,7.41187381744385
80.4731750488281,7.4100427627564
80.4738235473633,7.4081268310548
80.4758300781253,7.40809011459362
80.4776611328126,7.40883779525768
80.4796600341796,7.40898990631104
80.4816360473633,7.40866184234625
80.4827957153321,7.40708303451561
80.4837341308594,7.40531206130987
80.485420227051,7.40413999557506
80.4869537353517,7.40293884277366
80.4880599975585,7.4013299942016
80.4896087646486,7.40005588531494
80.491050720215,7.39870882034302
80.4927597045899,7.3977108001709
80.4940338134766,7.39616107940674
80.4957733154297,7.39509010314941
80.4973754882815,7.39394807815552
80.4982452392579,7.39216089248657
80.5000991821291,7.39153003692627
80.5019989013672,7.39094018936169
80.5034637451175,7.38960599899298
80.5052947998047,7.38868284225475
80.5070800781251,7.38762807846092
80.5090789794924,7.38724279403681
80.5110778808595,7.38761377334595
80.5130844116213,7.38805389404303
80.514617919922,7.38939905166637
80.516212463379,7.3905091285705
80.5181655883792,7.39101886749273
80.5184402465822,7.39288616180426
80.5168533325195,7.39413022995001
80.5179748535159,7.39574909210205
80.5189132690433,7.39754009246838
80.5194473266602,7.39950513839722
80.51969909668,7.40149879455578
80.5188140869142,7.40325403213501
80.517189025879,7.40433883666992
80.5161514282228,7.40609407424921
80.5158920288089,7.40804195404058
80.5160980224609,7.41003417968761
80.5160217285157,7.41205406188988
80.5166854858398,7.41388797760021
80.5181350708009,7.41479110717773
80.5203552246094,7.41467189788818
80.5218505859377,7.41335487365734
80.5237884521484,7.41370820999157
80.525749206543,7.41381978988659
80.5275192260745,7.4128651618957
80.5293121337892,7.41364192962658
80.5306167602541,7.41518688201904
80.5294876098635,7.41685581207275
80.5292434692386,7.41887521743786
80.5307235717775,7.42015981674194
80.5324935913085,7.4193382263183
80.5340194702148,7.41810703277599
80.536003112793,7.41823005676275
80.5379180908204,7.41756677627569
80.5389480590823,7.4192991256715
80.5395126342776,7.42120695114136
80.5414657592773,7.42135906219494
80.5427856445315,7.41990995407127
80.5443801879885,7.41866493225109
80.5462799072267,7.41800212860107
80.5477142333987,7.41668510437023
80.5495605468751,7.41592121124262
80.5515441894534,7.41581010818487
80.5531921386719,7.41702222824108
80.5549926757815,7.41785621643072
80.5565490722656,7.41911220550543
80.5569229125977,7.42103290557873
80.5558624267579,7.42280387878429
80.5554046630859,7.42479419708258
80.5550765991212,7.42671298980707
80.5536651611328,7.4280757904055
80.5524749755861,7.42962598800653
80.5505371093751,7.43018579483055
80.5488967895507,7.43124198913574
80.547752380371,7.43286705017096
80.5474472045899,7.43484306335444
80.5465774536136,7.43662977218639
80.5465393066407,7.43870782852173
80.547248840332,7.44058418273931
80.549186706543,7.44107198715221
80.5491790771485,7.44306087493891
80.5478210449219,7.44446706771873
80.5465545654298,7.44597578048717
80.5451812744141,7.44735288620001
80.5436706542969,7.44859695434576
80.5417709350587,7.44908523559565
80.5423736572268,7.45097684860235
80.5432128906252,7.45278406143183
80.5452423095706,7.4530229568482
80.5470962524415,7.45230293273926
80.5491180419924,7.45193195343029
80.5510864257813,7.45151710510248
80.5530166625977,7.45114517211925
80.5549468994142,7.45070123672485
80.5565567016603,7.45185422897333
80.5570907592776,7.45373201370251
80.5570068359376,7.45569181442261
80.5587539672852,7.45664501190197
80.5607681274416,7.45673799514793
80.5626983642578,7.45707988739008
80.5645294189456,7.45782804489136
80.5655822753907,7.45761108398438
80.566474914551,7.45742702484131
80.5684509277344,7.45724678039545
80.5692901611331,7.45548677444452
80.56990814209,7.45359992980968
80.571876525879,7.45372295379644
80.5725860595705,7.45184993743896
80.5725402832034,7.44978523254406
80.5727462768554,7.44783782958996
80.5733413696291,7.44592189788813
80.5739746093751,7.44400501251221
80.5744094848634,7.44205617904674
80.573127746582,7.44046783447266
80.5749740600587,7.43963098526001
80.576988220215,7.43940591812139
80.5788269042972,7.4387578964234
80.580062866211,7.4371328353883
80.5814437866212,7.43571281433111
80.5828628540039,7.43438005447399
80.584426879883,7.4329600334168
80.585662841797,7.43137788772606
80.586166381836,7.4294891357423
80.5868759155273,7.42896509170532
80.587745666504,7.42831802368164
80.5897445678713,7.42884588241577
80.5917282104493,7.42926120758062
80.5934448242188,7.42821979522711
80.5948791503906,7.42684507370006
80.59635925293,7.42544078826904
80.5978927612308,7.42416477203375
80.5990142822267,7.42248106002802
80.5998535156252,7.42066621780401
80.6018524169922,7.42032480239868
80.6035079956056,7.41923999786377
80.6053314208987,7.41811180114746
80.6069717407227,7.41705417633062
80.6089630126956,7.4166979789735
80.6108779907229,7.4160790443421
80.6126480102541,7.41512584686274
80.6145019531253,7.41439008712769
80.615692138672,7.41276693344116
80.6168060302734,7.41106891632103
80.6181716918947,7.40954685211176
80.6194458007815,7.40790796279919
80.620491027832,7.40616703033447
80.621696472168,7.40452814102167
80.6230697631839,7.40312194824224
80.6246643066408,7.40192079544067
80.6264343261719,7.40106821060186
80.6279144287111,7.39977788925182
80.6296539306641,7.39879608154308
80.6315994262696,7.39848089218134
80.6334762573243,7.39899587631226
80.635368347168,7.39826297760021
80.6371383666993,7.3974370956422
80.6391220092773,7.39703607559215
80.6410522460939,7.39659214019775
80.6425018310548,7.39521503448492
80.6437606811523,7.39367914199829
80.6451110839844,7.39223003387445
80.6464004516603,7.39060497283941
80.6478347778321,7.38919782638544
80.6496658325197,7.38830280303955
80.6515502929689,7.38768482208263
80.6526947021486,7.38607406616217
80.6537551879884,7.38490200042725
80.6540145874023,7.38460779190069
80.6559829711915,7.38452816009521
80.6578826904297,7.38529014587402
80.6597900390626,7.38568878173828
80.6617584228517,7.38546323776239
80.663444519043,7.38448095321678
80.6653976440433,7.38476085662853
80.6673431396484,7.38444900512695
80.6692504882812,7.38403177261353
80.671211242676,7.38408184051514
80.6728668212893,7.38522100448614
80.6746902465821,7.38602781295788
80.6765289306642,7.38675689697271
80.6784820556641,7.38698291778564
80.6805267333984,7.38704681396484
80.6824951171876,7.38743209838879
80.6844787597659,7.38755321502691
80.6864471435549,7.38769197464012
80.6884307861329,7.38763713836681
80.6904907226562,7.38768720626831
80.6924591064454,7.38752079010033
80.6944351196288,7.38710403442377
80.6963577270508,7.38680505752563
80.6969833374024,7.38685798645014
80.6983871459962,7.38697195053101
80.6989517211915,7.38887882232672
80.6995849609374,7.39079809188848
80.7008514404297,7.39231586456299
80.7028884887695,7.39277219772339
80.7045974731447,7.39372014999384
80.7060165405275,7.39522218704218
80.7069168090821,7.39696979522711
80.7067794799806,7.39891910552979
80.7063903808595,7.40088081359869
80.7075347900392,7.40245389938349
80.7081832885742,7.40435886383068
80.7077255249025,7.40629386901855
80.7071914672854,7.40828180313122
80.7068252563476,7.4102139472962
80.7065658569337,7.41216278076183
80.7067642211915,7.41411209106451
80.7080841064454,7.41567277908337
80.7084121704103,7.41764879226685
80.7091369628906,7.41954278945934
80.7093200683594,7.4215779304505
80.7091751098635,7.42355585098278
80.7109832763675,7.42435884475719
80.7121429443362,7.42609310150141
80.7117156982422,7.42802619934093
80.7113800048831,7.43002510070801
80.7112197875976,7.43193387985235
80.7104797363283,7.43380784988415
80.7093353271486,7.43549013137817
80.708221435547,7.4371738433839
80.7066497802734,7.43855094909674
80.7061767578126,7.44048404693604
80.7060394287112,7.44250488281244
80.7050704956058,7.44427394866943
80.7040557861329,7.44597387313837
80.7044296264649,7.4479069709779
80.7043457031249,7.44997215270996
80.7041168212893,7.45200681686413
80.7036285400392,7.45304393768322
80.7032546997072,7.45383691787742
80.7022476196288,7.455650806427
80.7011489868166,7.45731687545782
80.701728820801,7.45918178558372
80.703109741211,7.46059513092047
80.704444885254,7.46202421188354
80.7061920166016,7.46317911148066
80.7081146240236,7.46359205245972
80.710189819336,7.46385812759405
80.712173461914,7.46453285217285
80.713981628418,7.46531009674078
80.715919494629,7.46595478057861
80.7178421020509,7.46651411056524
80.7183914184571,7.46678876876842
80.718864440918,7.46751880645758
80.7196044921874,7.46830701828014
80.7203826904297,7.46930122375488
80.7211990356445,7.47007417678839
80.7221450805666,7.47076177597057
80.7230834960939,7.47138881683372
80.7241363525392,7.47201776504528
80.724967956543,7.47269010543823
80.7258987426757,7.47339010238647
80.7267303466797,7.47406196594238
80.727752685547,7.47457313537609
80.7287750244141,7.47476577758795
80.7299041748046,7.47463417053223
80.7303924560547,7.47446489334101
80.7309646606446,7.47426891326904
80.7318267822266,7.47364282608038
80.7324600219727,7.47263479232788
80.7329559326171,7.471598148346
80.7333526611328,7.47047519683844
80.73348236084,7.46932077407837
80.7334060668945,7.46810913085938
80.7331924438478,7.46666383743309
80.7329406738284,7.46558380126947
80.7324905395508,7.46460580825828
80.7336425781251,7.46448993682867
80.7347106933595,7.46475219726568
80.7358627319338,7.46482706069952
80.7369766235352,7.46472406387335
80.7380981445315,7.4643602371217
80.7391662597657,7.46399497985851
80.740173339844,7.46341180801403
80.7411193847659,7.46268177032471
80.7419281005859,7.46199607849127
80.742744445801,7.4611639976502
80.7435913085939,7.4601731300354
80.7443237304688,7.45923900604248
80.7449798583984,7.45833396911621
80.7458877563479,7.45719385147095
80.7466583251956,7.45621919631969
80.7474822998049,7.45556211471563
80.7482986450196,7.45474576950073
80.7490386962892,7.45392799377447
80.7499618530275,7.4531397819519
80.7508850097656,7.4523811340332
80.7515945434571,7.45140314102184
80.7521820068362,7.45049810409552
80.7527084350587,7.44957685470587
80.7533264160159,7.44861507415771
80.7542724609376,7.44804620742798
80.7553939819337,7.44794321060181
80.7565383911133,7.4481778144837
80.7574996948243,7.4485721588137
80.7585525512697,7.44892311096191
80.7596206665042,7.44905519485474
80.7606658935549,7.44870376586908
80.7614440917969,7.44796085357672
80.7620849609376,7.44698381423962
80.7625427246094,7.44588994979881
80.7628173828126,7.44486618042004
80.7630233764649,7.44384479522705
80.7633743286133,7.44254589080822
80.7640151977542,7.44164085388189
80.7650985717774,7.44148206710815
80.7662048339845,7.44130611419689
80.7673568725586,7.44107389450096
80.7685546875001,7.44076776504511
80.7696685791016,7.44038820266735
80.7707366943359,7.43981981277466
80.7718887329102,7.43922090530401
80.7729721069339,7.43855094909674
80.7738571166993,7.43789386749268
80.7747497558594,7.43710613250732
80.7755126953125,7.43624401092541
80.7762451171878,7.43523693084722
80.7767562866212,7.43431806564337
80.7772369384767,7.43317890167242
80.7776184082033,7.43204212188726
80.7779922485352,7.43098878860496
80.7786102294922,7.43008422851574
80.7796936035156,7.43011283874512
80.7807235717774,7.4303050041201
80.7818374633791,7.43042278289795
80.7829284667968,7.4304761886599
80.7842483520511,7.43061304092419
80.7853698730472,7.43045282363886
80.7863464355472,7.42992877960211
80.7873306274414,7.42922878265387
80.7882919311523,7.42865896224981
80.7891693115236,7.4279141426087
80.790267944336,7.42776823043835
80.7914047241212,7.42825078964228
80.7922058105469,7.42895078659052
80.7929992675784,7.42985582351685
80.7937240600587,7.43071699142467
80.79451751709,7.4314627647401
80.795379638672,7.43229484558111
80.7962112426758,7.43323087692266
80.7968826293947,7.43406295776367
80.7975387573243,7.43492221832275
80.7983093261719,7.43584299087536
80.7990722656251,7.43664503097546
80.7999343872072,7.43740701675426
80.8009719848633,7.4380931854248
80.8018035888675,7.4388217926026
80.8027496337893,7.43940782546997
80.8039321899414,7.43982887268072
80.8051300048829,7.43990516662598
80.8061981201171,7.43994808197027
80.8073654174805,7.43987512588501
80.8083877563477,7.440110206604
80.8089447021485,7.44107389450096
80.8087844848633,7.44221115112316
80.808494567871,7.4433641433717
80.8080215454102,7.44447422027588
80.8074569702149,7.44548177719128
80.8070907592774,7.44653177261364
80.8069000244141,7.4475531578064
80.8075256347659,7.44841480255127
80.8083572387697,7.44910287857056
80.8093643188477,7.44967317581182
80.810287475586,7.4503431320191
80.8112487792969,7.45107221603399
80.8122177124024,7.4517312049868
80.8131637573243,7.45237398147589
80.8139953613284,7.45300102233887
80.8148574829102,7.45374584198021
80.8157348632812,7.4545340538026
80.8166275024415,7.45542621612549
80.8174743652344,7.4561119079591
80.8183212280274,7.45703220367426
80.8189468383792,7.45817184448248
80.8195343017581,7.45916318893433
80.8203659057619,7.45990896224998
80.8213577270508,7.46033287048346
80.822364807129,7.46075582504267
80.8234939575196,7.46074008941656
80.8246917724612,7.46053791046154
80.8257522583008,7.46039199829102
80.8269653320315,7.46014308929466
80.8281097412112,7.45986795425421
80.8292465209964,7.45985221862793
80.8302993774414,7.4599409103393
80.8314208984377,7.46002721786505
80.8324127197266,7.46062707901001
80.833366394043,7.46135807037359
80.8341979980472,7.46214389801037
80.8352355957033,7.46243619918846
80.8364791870118,7.46248197555553
80.8375396728517,7.4626407623291
80.838722229004,7.46277284622192
80.8397445678714,7.46311092376709
80.8407669067385,7.46382617950439
80.8416442871097,7.46443986892706
80.8423156738281,7.46525812149054
80.8431472778321,7.46626520156872
80.8437957763672,7.46718406677252
80.8445358276367,7.46811819076561
80.8454132080079,7.46903896331787
80.8463058471681,7.46976995468151
80.8472976684571,7.47068881988531
80.8482666015626,7.47136116027826
80.8491668701174,7.47197389602667
80.8501205444338,7.47247123718262
80.8511428833008,7.47270393371576
80.8522109985353,7.47282218933105
80.8532180786133,7.47309780120855
80.8544006347657,7.47325992584229
80.8556365966799,7.47325992584229
80.8567810058595,7.4732728004455
80.8580169677735,7.47323179244995
80.8590545654297,7.47340583801281
80.8601837158203,7.4738302230835
80.8616180419922,7.47442913055414
80.8626937866213,7.47476577758795
80.863952636719,7.47422409057629
80.8649597167969,7.4738302230835
80.8660278320313,7.47348117828369
80.8671188354493,7.47305679321295
80.8681030273438,7.4725918769837
80.8691635131836,7.47194910049461
80.8702011108399,7.47139501571655
80.8711547851563,7.47095584869379
80.8721008300782,7.47046089172363
80.8730697631837,7.47000694274908
80.8740005493165,7.46927785873419
80.8747482299805,7.46835994720465
80.8755798339845,7.46753883361811
80.8765716552737,7.46700096130377
80.8773727416994,7.46632909774786
80.878028869629,7.46548318862915
80.8785552978516,7.46647500991821
80.8789367675781,7.46754121780396
80.8797302246094,7.4682412147522
80.8803100585938,7.46913194656366
80.881187438965,7.46977519989036
80.8823089599609,7.46962881088263
80.8834686279297,7.46951293945335
80.8844757080079,7.46997976303101
80.8846206665041,7.47107410430908
80.8847961425781,7.47211122512817
80.8856887817384,7.4726967811585
80.8866348266603,7.47323513031006
80.88777923584,7.47361516952526
80.8889999389648,7.47395277023321
80.8901290893554,7.47380399703979
80.8912200927736,7.47389316558844
80.8923645019532,7.47382020950317
80.8935012817384,7.47399616241461
80.8945999145508,7.47452020645136
80.895606994629,7.47503280639643
80.8966827392579,7.47506284713756
80.8979644775391,7.4748210906983
80.8988189697266,7.47437381744396
80.8996658325195,7.47363090515142
80.9001770019532,7.4727258682251
80.9004516601564,7.47154378891014
80.9006881713868,7.47044992446899
80.9010848999024,7.46939897537237
80.9014892578126,7.46827316284202
80.9018554687501,7.46713590621948
80.9021301269534,7.4660692214967
80.902442932129,7.46493196487432
80.9027633666994,7.46383619308472
80.903259277344,7.46280097961426
80.9039611816407,7.46183681488043
80.904426574707,7.46087312698364
80.9049377441407,7.45982217788702
80.905403137207,7.4588880538941
80.9064865112308,7.45858192443842
80.9073028564453,7.45945692062384
80.9074478149417,7.46052408218384
80.9076232910157,7.46170520782465
80.9075546264649,7.46281480789196
80.9076080322266,7.46390819549572
80.9085159301758,7.46461009979254
80.909523010254,7.46493196487432
80.9106063842774,7.46466684341442
80.9116134643555,7.4638810157777
80.9125213623047,7.46328210830688
80.9135971069336,7.46350097656244
80.9146804809571,7.46341419219965
80.9155426025392,7.46281480789196
80.9162597656249,7.46202611923218
80.917091369629,7.46135616302502
80.9182128906252,7.46144199371338
80.9189453125,7.46250915527355
80.9193801879883,7.46350097656244
80.9196624755862,7.46464014053345
80.9198684692386,7.46595478057861
80.9198379516604,7.46710777282715
80.9202499389651,7.46815919876104
80.9210510253908,7.46888780593883
80.9216461181642,7.46988010406494
80.9217376708986,7.47097778320312
80.9218673706055,7.47215890884399
80.9224853515626,7.47366285324108
80.9236679077151,7.47462511062633
80.924919128418,7.47486019134533
80.9259567260745,7.47503519058228
80.9270248413087,7.47564792633062
80.9277267456056,7.47649383544922
80.9280319213868,7.47759008407604
80.928092956543,7.47865390777588
80.9288253784183,7.47941303253185
80.9302215576174,7.4801721572876
80.9312896728518,7.4806118011474
80.9321517944336,7.48145818710321
80.932273864746,7.48255395889282
80.9316711425784,7.48345899581909
80.9312591552735,7.4844641685487
80.9313964843751,7.48558998107916
80.9312896728518,7.48664093017578
80.9313354492188,7.48779392242432
80.9322128295899,7.48869895935064
80.9332809448244,7.48932504653931
80.9343185424806,7.48942995071423
80.9355010986331,7.48959016799938
80.93660736084,7.48969221115124
80.9376602172853,7.48966312408447
80.938804626465,7.48970603942877
80.9401168823242,7.48970603942877
80.9411697387696,7.48974895477295
80.9423370361329,7.4896030426026
80.9433135986331,7.4892249107362
80.9439315795898,7.48834800720238
80.9445114135744,7.48738622665405
80.9454727172853,7.48661088943487
80.9466629028321,7.48699188232422
80.9477081298831,7.48748779296886
80.9488220214845,7.4874148368836
80.9499206542969,7.48744297027594
80.9509506225589,7.48756122589134
80.9521789550781,7.48783683776867
80.9533081054689,7.48804187774658
80.9544143676758,7.48827505111694
80.9555282592776,7.48861217498779
80.9566116333008,7.4889898300172
80.9576187133792,7.48937082290649
80.9586791992188,7.48965978622431
80.9598770141603,7.48986577987671
80.9606552124026,7.48902177810669
80.9609451293947,7.48799705505382
80.9621124267579,7.48760223388678
80.9632263183595,7.4875750541687
</coordinates>
</LinearRing>
</outerBoundaryIs>
</Polygon>